0 85
1 85
2 85
3 85
4 85
5 85
6 85
7 85
8 169
9 169
10 169
11 169
12 169
13 169
14 169
15 169
16 127
17 127
18 127
19 127
20 127
21 127
22 127
23 127
24 85
25 85
26 85
27 85
28 85
29 85
30 85
31 85
32 144
33 144
34 144
35 144
36 144
37 144
38 144
39 144
40 139
41 139
42 139
43 139
44 139
45 139
46 139
47 139
48 10
49 10
50 10
51 10
52 10
53 10
54 10
55 10
56 109
57 109
58 109
59 109
60 109
61 109
62 109
63 109
64 96
65 96
66 96
67 96
68 96
69 96
70 96
71 96
72 169
73 169
74 169
75 169
76 169
77 169
78 169
79 169
80 135
81 135
82 135
83 135
84 135
85 135
86 135
87 135
88 60
89 60
90 60
91 60
92 60
93 60
94 60
95 60
96 127
97 127
98 143
99 143
100 143
101 143
102 143
103 143
104 143
105 146
106 146
107 146
108 146
109 146
110 85
111 85
112 85
113 85
114 85
115 85
116 85
117 85
118 62
119 62
120 62
121 62
122 62
123 62
124 62
125 62
126 119
127 119
128 119
129 119
130 119
131 119
132 119
133 119
134 123
135 123
136 123
137 123
138 123
139 123
140 58
141 58
142 58
143 58
144 58
145 58
146 58
147 58
148 144
149 144
150 144
151 144
152 144
153 144
154 144
155 144
156 33
157 33
158 33
159 33
160 33
161 33
162 33
163 33
164 139
165 139
166 139
167 139
168 139
169 139
170 139
171 139
172 141
173 141
174 141
175 141
176 141
177 141
178 141
179 141
180 10
181 10
182 10
183 10
184 10
185 10
186 10
187 10
188 3
189 3
190 3
191 3
192 3
193 3
194 3
195 3
196 109
197 109
198 109
199 109
200 109
201 109
202 109
203 109
204 42
205 42
206 42
207 42
208 42
209 42
210 42
211 42
212 16
213 16
214 16
215 16
216 16
217 16
218 16
219 16
220 69
221 69
222 69
223 69
224 69
225 69
226 69
227 69
228 29
229 29
230 29
231 29
232 29
233 29
234 29
235 29
236 96
237 96
238 96
239 96
240 96
241 96
242 96
243 96
244 80
245 80
246 80
247 80
248 80
249 80
250 80
251 80
252 38
253 38
254 38
255 38
256 38
257 38
258 38
259 38
260 61
261 61
262 61
263 61
264 61
265 61
266 61
267 61
268 169
269 169
270 169
271 169
272 169
273 169
274 169
275 169
276 5
277 5
278 5
279 5
280 5
281 5
282 5
283 5
284 68
285 68
286 68
287 68
288 68
289 68
290 68
291 68
292 108
293 108
294 108
295 108
296 108
297 108
298 108
299 108
300 135
301 135
302 135
303 135
304 135
305 135
306 135
307 135
308 95
309 95
310 95
311 95
312 95
313 95
314 95
315 95
316 60
317 60
318 60
319 60
320 60
321 60
322 8
323 8
324 8
325 8
326 8
327 8
328 8
329 8
330 26
331 26
332 26
333 26
334 26
335 26
336 26
337 26
338 76
339 76
340 76
341 76
342 76
343 76
344 76
345 76
346 24
347 24
348 24
349 24
350 24
351 24
352 24
353 24
354 71
355 71
356 71
357 71
358 71
359 71
360 71
361 71
362 0
363 0
364 0
365 0
366 0
367 0
368 0
369 0
370 83
371 83
372 83
373 83
374 83
375 83
376 83
377 83
378 149
379 149
380 149
381 149
382 149
383 149
384 149
385 149
386 138
387 138
388 138
389 138
390 138
391 118
392 118
393 118
394 118
395 118
396 118
397 118
398 118
399 85
400 85
401 85
402 85
403 85
404 85
405 85
406 85
407 74
408 74
409 74
410 74
411 74
412 74
413 74
414 74
415 156
416 156
417 156
418 156
419 156
420 156
421 156
422 156
423 63
424 63
425 63
426 63
427 63
428 63
429 63
430 63
431 21
432 21
433 21
434 21
435 21
436 21
437 21
438 21
439 27
440 27
441 27
442 27
443 27
444 27
445 27
446 27
447 91
448 91
449 91
450 91
451 91
452 62
453 62
454 62
455 62
456 62
457 62
458 62
459 62
460 32
461 32
462 32
463 32
464 32
465 32
466 32
467 32
468 73
469 73
470 73
471 73
472 73
473 73
474 73
475 73
476 94
477 94
478 94
479 94
480 94
481 94
482 94
483 94
484 132
485 132
486 132
487 132
488 132
489 132
490 132
491 132
492 119
493 119
494 119
495 119
496 119
497 170
498 170
499 170
500 170
501 170
502 170
503 170
504 170
505 107
506 107
507 107
508 107
509 107
510 107
511 107
512 107
513 99
514 99
515 99
516 99
517 99
518 99
519 99
520 99
521 58
522 58
523 58
524 58
525 51
526 51
527 51
528 51
529 51
530 51
531 51
532 51
533 98
534 98
535 98
536 98
537 98
538 98
539 98
540 98
541 166
542 166
543 166
544 166
545 166
546 166
547 166
548 166
549 82
550 82
551 82
552 82
553 82
554 82
555 82
556 82
557 9
558 9
559 9
560 9
561 9
562 9
563 9
564 9
565 172
566 172
567 172
568 172
569 172
570 172
571 172
572 172
573 144
574 144
575 144
576 144
577 144
578 144
579 144
580 144
581 33
582 154
583 154
584 154
585 154
586 154
587 154
588 154
589 154
590 160
591 160
592 160
593 160
594 160
595 160
596 160
597 160
598 20
599 20
600 20
601 20
602 20
603 20
604 20
605 20
606 139
607 139
608 139
609 139
610 139
611 139
612 139
613 139
614 148
615 148
616 148
617 148
618 148
619 148
620 148
621 148
622 50
623 50
624 50
625 50
626 50
627 50
628 50
629 50
630 174
631 174
632 174
633 174
634 174
635 174
636 174
637 174
638 57
639 57
640 57
641 57
642 57
643 57
644 57
645 57
646 56
647 56
648 56
649 56
650 56
651 56
652 56
653 56
654 10
655 10
656 10
657 10
658 10
659 10
660 10
661 10
662 97
663 97
664 97
665 97
666 97
667 97
668 97
669 97
670 18
671 18
672 18
673 18
674 18
675 18
676 18
677 18
678 3
679 3
680 3
681 3
682 3
683 3
684 3
685 3
686 86
687 86
688 86
689 86
690 86
691 86
692 86
693 86
694 49
695 49
696 49
697 49
698 49
699 49
700 49
701 49
702 90
703 90
704 90
705 90
706 90
707 90
708 90
709 90
710 102
711 102
712 102
713 102
714 102
715 102
716 102
717 102
718 109
719 109
720 109
721 109
722 109
723 109
724 109
725 109
726 106
727 106
728 106
729 106
730 106
731 106
732 106
733 106
734 92
735 92
736 92
737 92
738 92
739 92
740 92
741 92
742 42
743 42
744 42
745 42
746 42
747 42
748 42
749 42
750 47
751 47
752 47
753 47
754 47
755 47
756 47
757 47
758 37
759 37
760 37
761 37
762 37
763 37
764 37
765 37
766 16
767 16
768 16
769 16
770 16
771 16
772 16
773 16
774 105
775 105
776 105
777 105
778 105
779 105
780 105
781 105
782 79
783 79
784 79
785 79
786 79
787 79
788 69
789 69
790 69
791 69
792 69
793 78
794 78
795 78
796 78
797 78
798 78
799 78
800 78
801 147
802 147
803 147
804 147
805 147
806 147
807 147
808 147
809 153
810 153
811 153
812 153
813 153
814 153
815 153
816 153
817 126
818 126
819 126
820 126
821 126
822 126
823 126
824 126
825 1
826 1
827 1
828 1
829 1
830 1
831 1
832 1
833 110
834 110
835 110
836 110
837 110
838 110
839 110
840 110
841 29
842 29
843 29
844 29
845 29
846 29
847 29
848 29
849 66
850 66
851 66
852 66
853 66
854 66
855 66
856 66
857 67
858 67
859 67
860 67
861 67
862 67
863 67
864 67
865 25
866 25
867 25
868 25
869 25
870 25
871 25
872 25
873 117
874 117
875 117
876 117
877 117
878 117
879 117
880 117
881 96
882 96
883 96
884 96
885 96
886 96
887 96
888 96
889 52
890 52
891 52
892 52
893 52
894 52
895 52
896 52
897 121
898 121
899 121
900 121
901 121
902 121
903 121
904 59
905 59
906 59
907 59
908 59
909 59
910 59
911 59
912 44
913 44
914 44
915 44
916 44
917 44
918 44
919 44
920 80
921 80
922 80
923 80
924 80
925 80
926 80
927 80
928 100
929 100
930 100
931 100
932 100
933 100
934 100
935 100
936 38
937 38
938 38
939 38
940 38
941 38
942 38
943 38
944 81
945 81
946 81
947 81
948 81
949 81
950 81
951 81
952 61
953 61
954 61
955 61
956 61
957 61
958 61
959 61
960 75
961 75
962 75
963 75
964 75
965 75
966 75
967 75
968 140
969 140
970 140
971 140
972 140
973 140
974 140
975 140
976 137
977 137
978 137
979 137
980 137
981 137
982 137
983 137
984 169
985 169
986 169
987 169
988 169
989 169
990 169
991 169
992 30
993 30
994 30
995 30
996 30
997 30
998 30
999 30
1000 46
1001 46
1002 46
1003 46
1004 46
1005 46
1006 46
1007 46
1008 6
1009 6
1010 6
1011 6
1012 6
1013 6
1014 6
1015 6
1016 5
1017 5
1018 5
1019 5
1020 5
1021 5
1022 5
1023 5
1024 48
1025 48
1026 48
1027 48
1028 48
1029 41
1030 41
1031 41
1032 41
1033 41
1034 41
1035 41
1036 41
1037 43
1038 43
1039 43
1040 43
1041 43
1042 43
1043 43
1044 43
1045 68
1046 68
1047 68
1048 68
1049 68
1050 68
1051 68
1052 68
1053 125
1054 125
1055 125
1056 125
1057 125
1058 125
1059 125
1060 125
1061 101
1062 101
1063 101
1064 101
1065 101
1066 101
1067 101
1068 101
1069 108
1070 108
1071 108
1072 108
1073 103
1074 103
1075 103
1076 103
1077 103
1078 103
1079 103
1080 103
1081 131
1082 131
1083 131
1084 131
1085 131
1086 131
1087 131
1088 131
1089 72
1090 72
1091 72
1092 72
1093 72
1094 72
1095 163
1096 163
1097 163
1098 163
1099 163
1100 163
1101 163
1102 163
1103 135
1104 135
1105 135
1106 135
1107 135
1108 135
1109 135
1110 135
1111 173
1112 173
1113 173
1114 173
1115 173
1116 173
1117 173
1118 173
1119 104
1120 104
1121 104
1122 104
1123 104
1124 104
1125 104
1126 104
1127 95
1128 95
1129 95
1130 95
1131 95
1132 95
1133 95
1134 95
1135 164
1136 164
1137 164
1138 164
1139 164
1140 164
1141 164
1142 164
1143 84
1144 84
1145 84
1146 84
1147 84
1148 84
1149 84
1150 84
1151 19
1152 19
1153 19
1154 19
1155 19
1156 19
1157 19
1158 19
1159 162
1160 162
1161 162
1162 162
1163 162
1164 162
1165 162
1166 162
1167 8
1168 8
1169 8
1170 8
1171 8
1172 8
1173 8
1174 8
1175 53
1176 53
1177 53
1178 53
1179 53
1180 53
1181 53
1182 53
1183 64
1184 64
1185 64
1186 64
1187 64
1188 64
1189 64
1190 26
1191 26
1192 26
1193 26
1194 26
1195 26
1196 26
1197 26
1198 39
1199 39
1200 39
1201 39
1202 39
1203 39
1204 39
1205 39
1206 76
1207 76
1208 76
1209 76
1210 76
1211 76
1212 76
1213 76
1214 161
1215 161
1216 161
1217 161
1218 161
1219 161
1220 161
1221 161
1222 24
1223 24
1224 24
1225 24
1226 24
1227 24
1228 24
1229 24
1230 23
1231 23
1232 23
1233 23
1234 23
1235 23
1236 171
1237 171
1238 171
1239 171
1240 171
1241 171
1242 171
1243 171
1244 122
1245 122
1246 122
1247 122
1248 122
1249 122
1250 122
1251 122
1252 71
1253 71
1254 71
1255 71
1256 71
1257 71
1258 71
1259 71
1260 15
1261 15
1262 15
1263 15
1264 15
1265 15
1266 15
1267 15
1268 157
1269 157
1270 157
1271 157
1272 157
1273 157
1274 157
1275 157
1276 112
1277 112
1278 112
1279 112
1280 112
1281 112
1282 112
1283 112
1284 0
1285 0
1286 0
1287 13
1288 13
1289 13
1290 13
1291 13
1292 13
1293 13
1294 13
1295 155
1296 155
1297 155
1298 155
1299 155
1300 155
1301 155
1302 155
1303 152
1304 152
1305 152
1306 152
1307 152
1308 152
1309 152
1310 152
1311 88
1312 88
1313 88
1314 88
1315 88
1316 88
1317 88
1318 88
1319 83
1320 83
1321 83
1322 83
1323 83
1324 83
1325 83
1326 83
1327 40
1328 40
1329 40
1330 40
1331 40
1332 40
1333 40
1334 40
1335 31
1336 31
1337 31
1338 31
1339 31
1340 31
1341 31
1342 136
1343 136
1344 136
1345 136
1346 136
1347 149
1348 133
1349 133
1350 133
1351 133
1352 133
1353 133
1354 133
1355 133
1356 111
1357 111
1358 111
1359 111
1360 111
1361 111
1362 111
1363 111
1364 116
1365 116
1366 116
1367 116
1368 116
1369 116
1370 116
1371 116
1372 45
1373 45
1374 45
1375 45
1376 45
1377 45
1378 45
1379 45
1380 129
1381 129
1382 129
1383 129
1384 129
1385 129
1386 129
1387 129
1388 151
1389 151
1390 151
1391 151
1392 151
1393 151
1394 151
1395 151
1396 118
1397 118
1398 118
1399 118
1400 118
1401 118
1402 118
1403 118
1404 130
1405 130
1406 130
1407 130
1408 130
1409 130
1410 130
1411 130
1412 11
1413 11
1414 11
1415 11
1416 11
1417 11
1418 11
1419 11
1420 85
1421 85
1422 85
1423 85
1424 85
1425 36
1426 36
1427 36
1428 36
1429 36
1430 36
1431 36
1432 36
1433 74
1434 74
1435 74
1436 74
1437 74
1438 74
1439 74
1440 74
1441 156
1442 156
1443 156
1444 156
1445 156
1446 156
1447 156
1448 156
1449 55
1450 55
1451 55
1452 55
1453 55
1454 55
1455 55
1456 55
1457 142
1458 142
1459 142
1460 142
1461 142
1462 142
1463 142
1464 142
1465 35
1466 35
1467 35
1468 35
1469 35
1470 35
1471 35
1472 35
1473 124
1474 124
1475 124
1476 124
1477 124
1478 124
1479 124
1480 124
1481 89
1482 89
1483 89
1484 89
1485 89
1486 89
1487 14
1488 14
1489 14
1490 14
1491 14
1492 14
1493 14
1494 14
1495 63
1496 63
1497 63
1498 63
1499 63
1500 63
1501 63
1502 63
1503 159
1504 159
1505 159
1506 159
1507 159
1508 159
1509 159
1510 159
1511 167
1512 167
1513 167
1514 167
1515 167
1516 167
1517 167
1518 167
1519 65
1520 65
1521 65
1522 65
1523 65
1524 65
1525 65
1526 65
1527 158
1528 158
1529 158
1530 158
1531 158
1532 158
1533 158
1534 158
1535 2
1536 2
1537 2
1538 2
1539 2
1540 2
1541 128
1542 128
1543 128
1544 128
1545 128
1546 128
1547 128
1548 128
1549 21
1550 21
1551 21
1552 21
1553 21
1554 21
1555 21
1556 21
1557 165
1558 165
1559 165
1560 165
1561 165
1562 165
1563 165
1564 165
1565 28
1566 28
1567 28
1568 28
1569 28
1570 28
1571 28
1572 28
1573 115
1574 115
1575 115
1576 115
1577 115
1578 115
1579 115
1580 115
1581 27
1582 27
1583 27
1584 27
1585 27
1586 27
1587 27
1588 27
1589 150
1590 150
1591 150
1592 150
1593 150
1594 150
1595 150
1596 150
1597 145
1598 145
1599 145
1600 145
1601 145
1602 145
1603 145
1604 145
1605 54
1606 54
1607 54
1608 54
1609 54
1610 54
1611 54
1612 54
1613 17
1614 17
1615 17
1616 17
1617 17
1618 17
1619 17
1620 17
1621 62
1622 62
1623 62
1624 62
1625 62
1626 62
1627 62
1628 62
1629 113
1630 113
1631 113
1632 113
1633 113
1634 113
1635 113
1636 113
1637 168
1638 168
1639 168
1640 168
1641 168
1642 168
1643 168
1644 168
1645 114
1646 114
1647 114
1648 114
1649 114
1650 114
1651 114
1652 32
1653 32
1654 32
1655 32
1656 32
1657 32
1658 32
1659 32
1660 22
1661 22
1662 22
1663 22
1664 22
1665 22
1666 22
1667 22
1668 134
1669 134
1670 134
1671 134
1672 134
1673 134
1674 134
1675 134
1676 73
1677 73
1678 4
1679 4
1680 4
1681 4
1682 4
1683 4
1684 4
1685 7
1686 7
1687 7
1688 7
1689 7
1690 7
1691 7
1692 7
1693 94
1694 94
1695 94
1696 94
1697 94
1698 94
1699 94
1700 94
1701 12
1702 12
1703 12
1704 12
1705 12
1706 12
1707 12
1708 12
1709 120
1710 120
1711 120
1712 120
1713 120
1714 120
1715 120
1716 87
1717 87
1718 87
1719 87
1720 87
1721 87
1722 93
1723 93
1724 93
1725 93
1726 93
1727 93
1728 93
1729 93
1730 77
1731 77
1732 77
1733 77
1734 77
1735 77
1736 77
1737 77
1738 132
1739 132
1740 132
1741 132
1742 132
1743 132
1744 132
1745 132
1746 70
1747 70
1748 70
1749 70
1750 70
1751 70
1752 70
1753 70
1754 34
1755 34
1756 34
1757 34
1758 34
1759 34
1760 34
1761 34
1762 170
1763 170
1764 170
1765 170
1766 170
1767 170
1768 170
1769 170
1770 107
1771 107
1772 107
1773 107
1774 107
1775 107
1776 107
1777 107
1778 99
1779 99
1780 99
1781 99
1782 99
1783 99
1784 99
1785 99
1786 51
1787 51
1788 51
1789 51
1790 51
1791 51
1792 51
1793 51
1794 98
1795 98
1796 98
1797 98
1798 98
1799 98
1800 98
1801 98
1802 166
1803 166
1804 166
1805 166
1806 166
1807 166
1808 166
1809 166
1810 82
1811 82
1812 82
1813 82
1814 82
1815 9
1816 9
1817 9
1818 9
1819 9
1820 9
1821 9
1822 9
1823 172
1824 172
1825 172
1826 172
1827 172
1828 172
1829 172
1830 144
1831 144
1832 144
1833 144
1834 144
1835 144
1836 144
1837 144
1838 154
1839 154
1840 154
1841 154
1842 154
1843 154
1844 154
1845 154
1846 160
1847 160
1848 160
1849 160
1850 20
1851 20
1852 20
1853 139
1854 139
1855 139
1856 139
1857 148
1858 148
1859 148
1860 148
1861 148
1862 148
1863 148
1864 148
1865 50
1866 50
1867 174
1868 174
1869 174
1870 174
1871 174
1872 174
1873 174
1874 174
1875 57
1876 57
1877 57
1878 57
1879 57
1880 57
1881 57
1882 57
1883 56
1884 56
1885 56
1886 56
1887 56
1888 56
1889 56
1890 56
1891 10
1892 10
1893 10
1894 10
1895 10
1896 10
1897 10
1898 10
1899 97
1900 97
1901 97
1902 97
1903 97
1904 97
1905 97
1906 97
1907 18
1908 18
1909 18
1910 18
1911 18
1912 18
1913 18
1914 18
1915 3
1916 3
1917 3
1918 3
1919 3
1920 3
1921 3
1922 3
1923 86
1924 86
1925 86
1926 86
1927 86
1928 86
1929 86
1930 86
1931 49
1932 49
1933 49
1934 49
1935 49
1936 49
1937 49
1938 49
1939 90
1940 90
1941 90
1942 90
1943 90
1944 90
1945 90
1946 90
1947 102
1948 102
1949 102
1950 102
1951 102
1952 102
1953 102
1954 102
1955 109
1956 109
1957 109
1958 109
1959 109
1960 109
1961 109
1962 109
1963 106
1964 106
1965 106
1966 106
1967 106
1968 106
1969 106
1970 106
1971 92
1972 92
1973 92
1974 92
1975 92
1976 92
1977 92
1978 92
1979 42
1980 42
1981 42
1982 42
1983 42
1984 42
1985 42
1986 42
1987 47
1988 47
1989 47
1990 47
1991 47
1992 47
1993 47
1994 47
1995 37
1996 37
1997 37
1998 37
1999 37
2000 37
2001 16
2002 16
2003 16
2004 16
2005 16
2006 16
2007 16
2008 16
2009 105
2010 105
2011 105
2012 105
2013 105
2014 105
2015 105
2016 105
2017 78
2018 78
2019 78
2020 78
2021 78
2022 78
2023 78
2024 78
2025 147
2026 147
2027 147
2028 147
2029 147
2030 147
2031 147
2032 147
2033 153
2034 153
2035 153
2036 153
2037 153
2038 153
2039 153
2040 153
2041 126
2042 126
2043 126
2044 126
2045 126
2046 126
2047 126
2048 126
2049 1
2050 1
2051 1
2052 1
2053 1
2054 1
2055 1
2056 1
2057 110
2058 110
2059 110
2060 110
2061 110
2062 110
2063 110
2064 110
2065 29
2066 29
2067 29
2068 29
2069 29
2070 29
2071 29
2072 29
2073 66
2074 66
2075 66
2076 66
2077 66
2078 66
2079 66
2080 66
2081 67
2082 67
2083 67
2084 67
2085 67
2086 67
2087 67
2088 67
2089 25
2090 25
2091 25
2092 25
2093 25
2094 25
2095 117
2096 117
2097 117
2098 117
2099 117
2100 117
2101 117
2102 117
2103 96
2104 96
2105 96
2106 96
2107 96
2108 96
2109 96
2110 96
2111 52
2112 52
2113 52
2114 52
2115 52
2116 52
2117 52
2118 52
2119 59
2120 59
2121 59
2122 44
2123 44
2124 44
2125 44
2126 44
2127 44
2128 44
2129 44
2130 80
2131 80
2132 80
2133 80
2134 80
2135 80
2136 80
2137 80
2138 100
2139 100
2140 100
2141 100
2142 100
2143 100
2144 100
2145 100
2146 38
2147 38
2148 38
2149 38
2150 38
2151 38
2152 38
2153 38
2154 81
2155 81
2156 81
2157 81
2158 81
2159 81
2160 81
2161 81
2162 61
2163 61
2164 61
2165 61
2166 61
2167 61
2168 61
2169 61
2170 75
2171 75
2172 75
2173 75
2174 75
2175 75
2176 75
2177 75
2178 140
2179 140
2180 137
2181 137
2182 137
2183 137
2184 137
2185 137
2186 137
2187 137
2188 169
2189 169
2190 169
2191 169
2192 169
2193 169
2194 169
2195 169
2196 30
2197 30
2198 30
2199 30
2200 30
2201 30
2202 30
2203 30
2204 46
2205 46
2206 46
2207 46
2208 46
2209 46
2210 46
2211 46
2212 6
2213 6
2214 6
2215 6
2216 6
2217 6
2218 6
2219 6
2220 5
2221 5
2222 5
2223 5
2224 5
2225 5
2226 5
2227 5
2228 41
2229 41
2230 41
2231 41
2232 41
2233 41
2234 41
2235 41
2236 43
2237 43
2238 43
2239 43
2240 43
2241 43
2242 43
2243 43
2244 68
2245 68
2246 68
2247 68
2248 68
2249 68
2250 68
2251 68
2252 125
2253 125
2254 125
2255 125
2256 125
2257 125
2258 101
2259 101
2260 101
2261 101
2262 101
2263 101
2264 101
2265 101
2266 103
2267 103
2268 103
2269 103
2270 103
2271 103
2272 103
2273 103
2274 131
2275 131
2276 131
2277 131
2278 131
2279 131
2280 131
2281 131
2282 163
2283 163
2284 163
2285 163
2286 163
2287 163
2288 163
2289 163
2290 135
2291 135
2292 135
2293 135
2294 135
2295 135
2296 135
2297 135
2298 173
2299 173
2300 173
2301 173
2302 173
2303 173
2304 173
2305 173
2306 104
2307 104
2308 104
2309 95
2310 95
2311 95
2312 95
2313 95
2314 95
2315 95
2316 95
2317 164
2318 164
2319 164
2320 164
2321 164
2322 164
2323 164
2324 164
2325 19
2326 19
2327 19
2328 19
2329 19
2330 19
2331 19
2332 19
2333 162
2334 162
2335 162
2336 162
2337 162
2338 162
2339 162
2340 162
2341 8
2342 8
2343 8
2344 8
2345 8
2346 8
2347 8
2348 8
2349 53
2350 53
2351 53
2352 53
2353 53
2354 53
2355 53
2356 53
2357 26
2358 26
2359 26
2360 26
2361 26
2362 26
2363 26
2364 26
2365 39
2366 39
2367 39
2368 39
2369 39
2370 39
2371 39
2372 39
2373 76
2374 76
2375 76
2376 76
2377 76
2378 76
2379 76
2380 76
2381 161
2382 161
2383 161
2384 161
2385 161
2386 161
2387 161
2388 161
2389 24
2390 24
2391 24
2392 24
2393 24
2394 24
2395 24
2396 24
2397 171
2398 171
2399 171
2400 122
2401 122
2402 122
2403 122
2404 122
2405 122
2406 122
2407 122
2408 71
2409 71
2410 71
2411 71
2412 71
2413 71
2414 71
2415 71
2416 15
2417 15
2418 15
2419 15
2420 15
2421 15
2422 15
2423 15
2424 157
2425 157
2426 157
2427 157
2428 157
2429 157
2430 157
2431 157
2432 112
2433 112
2434 112
2435 112
2436 112
2437 112
2438 112
2439 112
2440 13
2441 13
2442 13
2443 13
2444 13
2445 13
2446 13
2447 13
2448 155
2449 155
2450 155
2451 155
2452 155
2453 155
2454 155
2455 155
2456 152
2457 152
2458 152
2459 152
2460 152
2461 152
2462 152
2463 152
2464 88
2465 88
2466 88
2467 88
2468 88
2469 88
2470 88
2471 88
2472 83
2473 83
2474 83
2475 83
2476 83
2477 83
2478 83
2479 83
2480 40
2481 40
2482 40
2483 40
2484 40
2485 40
2486 40
2487 40
2488 133
2489 133
2490 133
2491 133
2492 133
2493 111
2494 111
2495 116
2496 116
2497 116
2498 116
2499 116
2500 116
2501 116
2502 116
2503 45
2504 45
2505 45
2506 45
2507 45
2508 45
2509 45
2510 45
2511 129
2512 129
2513 129
2514 129
2515 129
2516 129
2517 129
2518 129
2519 151
2520 151
2521 151
2522 151
2523 151
2524 151
2525 151
2526 151
2527 118
2528 118
2529 118
2530 118
2531 118
2532 118
2533 118
2534 118
2535 130
2536 130
2537 130
2538 130
2539 130
2540 130
2541 130
2542 130
2543 11
2544 11
2545 11
2546 11
2547 11
2548 11
2549 11
2550 11
2551 36
2552 36
2553 36
2554 36
2555 36
2556 36
2557 36
2558 36
2559 74
2560 74
2561 74
2562 74
2563 74
2564 74
2565 74
2566 74
2567 156
2568 156
2569 156
2570 156
2571 156
2572 156
2573 156
2574 156
2575 55
2576 55
2577 55
2578 55
2579 55
2580 55
2581 55
2582 55
2583 142
2584 142
2585 142
2586 142
2587 142
2588 142
2589 142
2590 142
2591 35
2592 124
2593 124
2594 124
2595 124
2596 124
2597 124
2598 124
2599 124
2600 14
2601 14
2602 14
2603 14
2604 14
2605 14
2606 14
2607 14
2608 63
2609 63
2610 63
2611 63
2612 63
2613 63
2614 63
2615 63
2616 159
2617 159
2618 159
2619 159
2620 159
2621 159
2622 159
2623 159
2624 167
2625 167
2626 167
2627 167
2628 167
2629 167
2630 167
2631 167
2632 65
2633 65
2634 65
2635 65
2636 65
2637 65
2638 65
2639 65
2640 158
2641 158
2642 158
2643 158
2644 158
2645 158
2646 158
2647 158
2648 128
2649 128
2650 128
2651 128
2652 128
2653 128
2654 128
2655 128
2656 21
2657 21
2658 21
2659 21
2660 21
2661 21
2662 21
2663 21
2664 165
2665 165
2666 165
2667 165
2668 165
2669 165
2670 165
2671 165
2672 28
2673 28
2674 28
2675 28
2676 28
2677 28
2678 28
2679 28
2680 115
2681 115
2682 115
2683 115
2684 115
2685 115
2686 115
2687 27
2688 27
2689 27
2690 27
2691 27
2692 27
2693 27
2694 27
2695 150
2696 150
2697 150
2698 150
2699 150
2700 150
2701 150
2702 150
2703 145
2704 145
2705 145
2706 145
2707 145
2708 145
2709 145
2710 145
2711 54
2712 54
2713 54
2714 54
2715 54
2716 54
2717 54
2718 54
2719 17
2720 17
2721 17
2722 17
2723 17
2724 17
2725 17
2726 17
2727 62
2728 62
2729 62
2730 62
2731 62
2732 62
2733 62
2734 62
2735 113
2736 113
2737 113
2738 168
2739 168
2740 168
2741 168
2742 168
2743 168
2744 168
2745 168
2746 32
2747 32
2748 32
2749 32
2750 32
2751 32
2752 32
2753 32
2754 22
2755 22
2756 22
2757 22
2758 22
2759 22
2760 22
2761 22
2762 134
2763 134
2764 134
2765 134
2766 134
2767 134
2768 134
2769 7
2770 7
2771 7
2772 7
2773 7
2774 7
2775 7
2776 7
2777 94
2778 94
2779 94
2780 94
2781 94
2782 94
2783 94
2784 94
2785 12
2786 12
2787 12
2788 12
2789 12
2790 12
2791 12
2792 12
2793 93
2794 93
2795 93
2796 93
2797 93
2798 93
2799 93
2800 93
2801 77
2802 77
2803 132
2804 132
2805 132
2806 132
2807 132
2808 132
2809 132
2810 132
2811 70
2812 70
2813 70
2814 70
2815 70
2816 70
2817 70
2818 70
2819 34
2820 34
2821 34
2822 34
2823 34
2824 34
2825 34
2826 34
2827 170
2828 170
2829 170
2830 170
2831 170
2832 170
2833 170
2834 170
2835 107
2836 107
2837 107
2838 107
2839 107
2840 107
2841 107
2842 107
2843 99
2844 99
2845 99
2846 99
2847 99
2848 99
2849 99
2850 99
2851 51
2852 51
2853 51
2854 51
2855 51
2856 51
2857 51
2858 51
2859 98
2860 98
2861 98
2862 98
2863 98
2864 98
2865 98
2866 98
2867 166
2868 166
2869 166
2870 166
2871 166
2872 166
2873 166
2874 166
2875 9
2876 9
2877 9
2878 9
2879 9
2880 9
2881 9
2882 9
2883 144
2884 144
2885 144
2886 144
2887 144
2888 144
2889 144
2890 144
2891 154
2892 154
2893 154
2894 154
2895 154
2896 154
2897 154
2898 154
2899 148
2900 148
2901 148
2902 148
2903 148
2904 148
2905 148
2906 148
2907 174
2908 174
2909 174
2910 174
2911 174
2912 174
2913 174
2914 174
2915 57
2916 57
2917 57
2918 57
2919 57
2920 57
2921 57
2922 57
2923 56
2924 56
2925 56
2926 56
2927 56
2928 56
2929 56
2930 56
2931 10
2932 10
2933 10
2934 10
2935 10
2936 10
2937 10
2938 10
2939 97
2940 97
2941 97
2942 97
2943 97
2944 97
2945 97
2946 97
2947 18
2948 18
2949 18
2950 18
2951 18
2952 18
2953 18
2954 18
2955 3
2956 3
2957 3
2958 3
2959 3
2960 3
2961 3
2962 3
2963 86
2964 86
2965 86
2966 86
2967 86
2968 86
2969 86
2970 86
2971 49
2972 49
2973 49
2974 49
2975 49
2976 49
2977 49
2978 49
2979 90
2980 90
2981 90
2982 90
2983 90
2984 90
2985 90
2986 90
2987 102
2988 102
2989 102
2990 102
2991 102
2992 102
2993 102
2994 102
2995 109
2996 109
2997 109
2998 109
2999 109
3000 109
3001 109
3002 109
3003 106
3004 106
3005 106
3006 106
3007 106
3008 106
3009 106
3010 106
3011 92
3012 92
3013 92
3014 92
3015 92
3016 92
3017 92
3018 92
3019 42
3020 42
3021 42
3022 42
3023 42
3024 42
3025 42
3026 42
3027 47
3028 47
3029 47
3030 47
3031 47
3032 47
3033 47
3034 47
3035 16
3036 16
3037 16
3038 16
3039 16
3040 16
3041 16
3042 16
3043 105
3044 105
3045 105
3046 105
3047 105
3048 105
3049 105
3050 105
3051 78
3052 78
3053 78
3054 78
3055 78
3056 78
3057 78
3058 78
3059 147
3060 147
3061 147
3062 147
3063 147
3064 147
3065 147
3066 147
3067 153
3068 153
3069 153
3070 153
3071 153
3072 153
3073 153
3074 153
3075 126
3076 126
3077 126
3078 126
3079 126
3080 126
3081 126
3082 126
3083 1
3084 1
3085 1
3086 1
3087 1
3088 1
3089 1
3090 1
3091 110
3092 110
3093 110
3094 110
3095 110
3096 110
3097 110
3098 110
3099 29
3100 29
3101 29
3102 29
3103 29
3104 29
3105 29
3106 29
3107 66
3108 66
3109 66
3110 66
3111 66
3112 66
3113 66
3114 66
3115 67
3116 67
3117 67
3118 67
3119 67
3120 67
3121 67
3122 67
3123 117
3124 117
3125 117
3126 117
3127 117
3128 117
3129 117
3130 117
3131 96
3132 96
3133 96
3134 96
3135 96
3136 96
3137 96
3138 96
3139 52
3140 52
3141 52
3142 52
3143 52
3144 52
3145 52
3146 52
3147 44
3148 44
3149 44
3150 44
3151 44
3152 44
3153 44
3154 44
3155 80
3156 80
3157 80
3158 80
3159 80
3160 80
3161 80
3162 80
3163 100
3164 100
3165 100
3166 100
3167 100
3168 100
3169 100
3170 100
3171 38
3172 38
3173 38
3174 38
3175 38
3176 38
3177 38
3178 38
3179 81
3180 81
3181 81
3182 81
3183 81
3184 81
3185 81
3186 81
3187 61
3188 61
3189 61
3190 61
3191 61
3192 61
3193 61
3194 61
3195 75
3196 75
3197 75
3198 75
3199 75
3200 75
3201 75
3202 75
3203 137
3204 137
3205 137
3206 137
3207 137
3208 137
3209 137
3210 137
3211 169
3212 169
3213 169
3214 169
3215 169
3216 169
3217 169
3218 169
3219 30
3220 30
3221 30
3222 30
3223 30
3224 30
3225 30
3226 30
3227 46
3228 46
3229 46
3230 46
3231 46
3232 46
3233 46
3234 46
3235 6
3236 6
3237 6
3238 6
3239 6
3240 6
3241 6
3242 6
3243 5
3244 41
3245 41
3246 41
3247 41
3248 41
3249 41
3250 41
3251 41
3252 43
3253 43
3254 43
3255 43
3256 43
3257 43
3258 43
3259 43
3260 68
3261 68
3262 68
3263 68
3264 68
3265 68
3266 68
3267 68
3268 101
3269 101
3270 101
3271 101
3272 101
3273 101
3274 101
3275 101
3276 103
3277 103
3278 103
3279 103
3280 103
3281 103
3282 103
3283 103
3284 131
3285 131
3286 131
3287 131
3288 131
3289 131
3290 131
3291 131
3292 163
3293 163
3294 163
3295 163
3296 163
3297 163
3298 163
3299 163
3300 135
3301 135
3302 135
3303 173
3304 173
3305 173
3306 173
3307 173
3308 173
3309 173
3310 173
3311 95
3312 95
3313 95
3314 95
3315 95
3316 164
3317 164
3318 164
3319 164
3320 164
3321 164
3322 164
3323 164
3324 19
3325 19
3326 19
3327 19
3328 19
3329 19
3330 19
3331 19
3332 162
3333 162
3334 162
3335 162
3336 162
3337 162
3338 162
3339 162
3340 8
3341 8
3342 8
3343 8
3344 8
3345 8
3346 8
3347 8
3348 53
3349 53
3350 53
3351 53
3352 53
3353 53
3354 53
3355 53
3356 26
3357 26
3358 26
3359 26
3360 26
3361 26
3362 26
3363 26
3364 39
3365 39
3366 39
3367 39
3368 39
3369 39
3370 39
3371 39
3372 76
3373 76
3374 76
3375 76
3376 76
3377 76
3378 76
3379 76
3380 161
3381 161
3382 161
3383 161
3384 161
3385 161
3386 161
3387 161
3388 24
3389 24
3390 24
3391 24
3392 24
3393 24
3394 24
3395 24
3396 122
3397 122
3398 122
3399 122
3400 122
3401 122
3402 122
3403 122
3404 71
3405 71
3406 71
3407 71
3408 71
3409 71
3410 71
3411 71
3412 15
3413 15
3414 15
3415 15
3416 15
3417 15
3418 15
3419 15
3420 157
3421 157
3422 157
3423 157
3424 157
3425 157
3426 157
3427 157
3428 112
3429 112
3430 112
3431 112
3432 112
3433 112
3434 112
3435 112
3436 13
3437 13
3438 13
3439 13
3440 13
3441 13
3442 13
3443 13
3444 155
3445 155
3446 155
3447 155
3448 155
3449 155
3450 155
3451 155
3452 152
3453 152
3454 152
3455 152
3456 152
3457 152
3458 152
3459 152
3460 88
3461 88
3462 88
3463 88
3464 88
3465 88
3466 88
3467 88
3468 83
3469 83
3470 83
3471 83
3472 83
3473 83
3474 83
3475 83
3476 40
3477 40
3478 40
3479 40
3480 40
3481 40
3482 40
3483 40
3484 116
3485 116
3486 116
3487 116
3488 116
3489 116
3490 116
3491 116
3492 45
3493 45
3494 45
3495 45
3496 45
3497 45
3498 45
3499 45
3500 129
3501 129
3502 129
3503 129
3504 129
3505 129
3506 129
3507 129
3508 151
3509 151
3510 151
3511 151
3512 151
3513 151
3514 151
3515 151
3516 118
3517 118
3518 118
3519 118
3520 118
3521 118
3522 118
3523 118
3524 130
3525 130
3526 130
3527 130
3528 130
3529 130
3530 130
3531 130
3532 11
3533 11
3534 11
3535 11
3536 11
3537 11
3538 11
3539 11
3540 36
3541 36
3542 36
3543 36
3544 36
3545 36
3546 36
3547 36
3548 74
3549 74
3550 74
3551 74
3552 74
3553 74
3554 74
3555 74
3556 156
3557 156
3558 156
3559 156
3560 156
3561 156
3562 156
3563 156
3564 55
3565 55
3566 55
3567 55
3568 55
3569 55
3570 55
3571 55
3572 142
3573 142
3574 142
3575 142
3576 142
3577 142
3578 142
3579 142
3580 124
3581 124
3582 124
3583 124
3584 124
3585 124
3586 124
3587 124
3588 14
3589 14
3590 14
3591 14
3592 14
3593 14
3594 14
3595 14
3596 63
3597 63
3598 63
3599 63
3600 63
3601 63
3602 63
3603 63
3604 159
3605 159
3606 159
3607 159
3608 159
3609 159
3610 159
3611 159
3612 167
3613 167
3614 167
3615 167
3616 167
3617 167
3618 167
3619 167
3620 65
3621 65
3622 65
3623 65
3624 65
3625 65
3626 65
3627 65
3628 158
3629 158
3630 158
3631 158
3632 158
3633 158
3634 158
3635 158
3636 128
3637 128
3638 128
3639 128
3640 128
3641 128
3642 128
3643 128
3644 21
3645 21
3646 21
3647 21
3648 21
3649 21
3650 21
3651 21
3652 165
3653 165
3654 165
3655 165
3656 165
3657 165
3658 165
3659 165
3660 28
3661 28
3662 28
3663 28
3664 28
3665 28
3666 28
3667 28
3668 27
3669 27
3670 27
3671 27
3672 27
3673 27
3674 27
3675 27
3676 150
3677 150
3678 150
3679 150
3680 150
3681 150
3682 150
3683 150
3684 145
3685 145
3686 145
3687 145
3688 145
3689 145
3690 145
3691 145
3692 54
3693 54
3694 54
3695 54
3696 54
3697 54
3698 54
3699 54
3700 17
3701 17
3702 17
3703 17
3704 17
3705 17
3706 17
3707 17
3708 62
3709 62
3710 62
3711 62
3712 62
3713 62
3714 62
3715 62
3716 168
3717 168
3718 168
3719 168
3720 168
3721 168
3722 168
3723 168
3724 32
3725 32
3726 32
3727 32
3728 32
3729 32
3730 32
3731 32
3732 22
3733 22
3734 22
3735 22
3736 22
3737 22
3738 22
3739 22
3740 7
3741 7
3742 7
3743 7
3744 7
3745 7
3746 7
3747 7
3748 94
3749 94
3750 94
3751 94
3752 94
3753 94
3754 94
3755 94
3756 12
3757 12
3758 12
3759 12
3760 12
3761 12
3762 12
3763 12
3764 93
3765 93
3766 93
3767 93
3768 93
3769 93
3770 93
3771 93
3772 132
3773 132
3774 132
3775 132
3776 132
3777 132
3778 132
3779 132
3780 70
3781 70
3782 70
3783 70
3784 70
3785 70
3786 70
3787 70
3788 34
3789 34
3790 34
3791 34
3792 34
3793 34
3794 34
3795 34
3796 170
3797 170
3798 170
3799 170
3800 170
3801 170
3802 170
3803 170
3804 107
3805 107
3806 107
3807 107
3808 107
3809 107
3810 107
3811 107
3812 99
3813 99
3814 99
3815 99
3816 99
3817 99
3818 99
3819 99
3820 51
3821 51
3822 51
3823 51
3824 51
3825 51
3826 51
3827 51
3828 98
3829 98
3830 98
3831 98
3832 98
3833 98
3834 98
3835 98
3836 166
3837 166
3838 166
3839 166
3840 166
3841 166
3842 166
3843 166
3844 9
3845 9
3846 9
3847 9
3848 9
3849 9
3850 9
3851 9
3852 144
3853 144
3854 144
3855 144
3856 144
3857 144
3858 144
3859 144
3860 154
3861 154
3862 154
3863 154
3864 154
3865 154
3866 154
3867 154
3868 148
3869 148
3870 148
3871 148
3872 148
3873 148
3874 148
3875 148
3876 174
3877 174
3878 174
3879 174
3880 174
3881 174
3882 174
3883 174
3884 57
3885 57
3886 57
3887 57
3888 57
3889 57
3890 57
3891 57
3892 56
3893 56
3894 56
3895 56
3896 56
3897 56
3898 56
3899 56
3900 97
3901 97
3902 97
3903 97
3904 97
3905 97
3906 97
3907 97
3908 18
3909 18
3910 18
3911 18
3912 18
3913 18
3914 18
3915 18
3916 3
3917 86
3918 86
3919 86
3920 86
3921 49
3922 90
3923 90
3924 90
3925 90
3926 90
3927 90
3928 90
3929 90
3930 102
3931 102
3932 102
3933 102
3934 102
3935 102
3936 102
3937 102
3938 109
3939 109
3940 109
3941 109
3942 109
3943 109
3944 109
3945 109
3946 106
3947 106
3948 106
3949 106
3950 106
3951 106
3952 106
3953 106
3954 92
3955 92
3956 92
3957 92
3958 92
3959 92
3960 92
3961 92
3962 42
3963 42
3964 42
3965 42
3966 42
3967 42
3968 42
3969 47
3970 47
3971 47
3972 47
3973 47
3974 47
3975 47
3976 47
3977 16
3978 16
3979 16
3980 16
3981 16
3982 16
3983 16
3984 16
3985 105
3986 105
3987 105
3988 105
3989 105
3990 105
3991 105
3992 105
3993 78
3994 78
3995 78
3996 78
3997 78
3998 78
3999 78
4000 78
4001 147
4002 147
4003 147
4004 147
4005 147
4006 147
4007 147
4008 147
4009 153
4010 153
4011 153
4012 153
4013 153
4014 153
4015 153
4016 153
4017 126
4018 126
4019 126
4020 126
4021 126
4022 126
4023 126
4024 126
4025 1
4026 1
4027 1
4028 1
4029 1
4030 1
4031 1
4032 1
4033 110
4034 110
4035 110
4036 110
4037 110
4038 110
4039 110
4040 110
4041 29
4042 29
4043 29
4044 29
4045 29
4046 29
4047 29
4048 29
4049 66
4050 66
4051 66
4052 66
4053 66
4054 66
4055 66
4056 66
4057 67
4058 67
4059 67
4060 67
4061 67
4062 67
4063 67
4064 67
4065 117
4066 117
4067 117
4068 117
4069 117
4070 117
4071 117
4072 117
4073 96
4074 96
4075 96
4076 96
4077 96
4078 96
4079 96
4080 96
4081 52
4082 52
4083 44
4084 44
4085 44
4086 44
4087 44
4088 44
4089 44
4090 44
4091 80
4092 80
4093 80
4094 80
4095 100
4096 100
4097 38
4098 38
4099 38
4100 38
4101 38
4102 38
4103 38
4104 38
4105 81
4106 81
4107 81
4108 81
4109 81
4110 81
4111 81
4112 81
4113 61
4114 61
4115 61
4116 61
4117 61
4118 61
4119 61
4120 61
4121 75
4122 75
4123 75
4124 75
4125 75
4126 75
4127 75
4128 75
4129 137
4130 137
4131 137
4132 137
4133 137
4134 137
4135 137
4136 137
4137 169
4138 30
4139 30
4140 30
4141 30
4142 30
4143 30
4144 30
4145 30
4146 46
4147 46
4148 46
4149 46
4150 46
4151 46
4152 46
4153 46
4154 6
4155 6
4156 6
4157 6
4158 6
4159 6
4160 6
4161 6
4162 41
4163 41
4164 41
4165 41
4166 41
4167 41
4168 41
4169 41
4170 43
4171 43
4172 43
4173 43
4174 43
4175 43
4176 43
4177 43
4178 68
4179 68
4180 101
4181 101
4182 101
4183 101
4184 101
4185 101
4186 101
4187 101
4188 103
4189 103
4190 103
4191 103
4192 103
4193 103
4194 103
4195 103
4196 131
4197 131
4198 131
4199 131
4200 131
4201 131
4202 131
4203 131
4204 163
4205 163
4206 163
4207 163
4208 163
4209 163
4210 163
4211 163
4212 173
4213 173
4214 173
4215 173
4216 173
4217 173
4218 173
4219 173
4220 164
4221 164
4222 164
4223 164
4224 164
4225 164
4226 164
4227 164
4228 19
4229 19
4230 19
4231 162
4232 162
4233 162
4234 162
4235 162
4236 162
4237 162
4238 162
4239 8
4240 8
4241 53
4242 53
4243 53
4244 53
4245 53
4246 53
4247 53
4248 53
4249 26
4250 26
4251 26
4252 26
4253 26
4254 26
4255 26
4256 26
4257 39
4258 39
4259 39
4260 39
4261 39
4262 39
4263 39
4264 39
4265 76
4266 76
4267 76
4268 76
4269 76
4270 76
4271 76
4272 161
4273 161
4274 24
4275 24
4276 24
4277 24
4278 24
4279 24
4280 24
4281 24
4282 122
4283 122
4284 122
4285 122
4286 122
4287 122
4288 122
4289 71
4290 71
4291 71
4292 71
4293 71
4294 71
4295 71
4296 71
4297 15
4298 15
4299 15
4300 15
4301 15
4302 15
4303 15
4304 15
4305 157
4306 157
4307 157
4308 157
4309 157
4310 157
4311 157
4312 157
4313 112
4314 112
4315 112
4316 112
4317 112
4318 112
4319 112
4320 112
4321 13
4322 13
4323 13
4324 13
4325 13
4326 13
4327 13
4328 13
4329 155
4330 155
4331 155
4332 155
4333 155
4334 155
4335 155
4336 155
4337 152
4338 152
4339 152
4340 152
4341 88
4342 88
4343 88
4344 88
4345 88
4346 88
4347 88
4348 88
4349 83
4350 83
4351 83
4352 83
4353 83
4354 83
4355 83
4356 83
4357 40
4358 40
4359 40
4360 40
4361 40
4362 40
4363 40
4364 40
4365 116
4366 116
4367 116
4368 116
4369 116
4370 116
4371 116
4372 116
4373 45
4374 45
4375 45
4376 45
4377 45
4378 45
4379 45
4380 45
4381 129
4382 129
4383 129
4384 129
4385 129
4386 129
4387 129
4388 129
4389 151
4390 151
4391 151
4392 151
4393 151
4394 151
4395 151
4396 151
4397 118
4398 118
4399 118
4400 118
4401 118
4402 118
4403 118
4404 118
4405 130
4406 130
4407 130
4408 130
4409 130
4410 130
4411 130
4412 130
4413 11
4414 11
4415 11
4416 11
4417 11
4418 11
4419 11
4420 11
4421 36
4422 36
4423 36
4424 36
4425 36
4426 74
4427 74
4428 74
4429 74
4430 74
4431 74
4432 74
4433 74
4434 156
4435 156
4436 156
4437 156
4438 156
4439 156
4440 156
4441 156
4442 55
4443 55
4444 55
4445 55
4446 55
4447 55
4448 55
4449 55
4450 142
4451 124
4452 14
4453 14
4454 14
4455 14
4456 14
4457 14
4458 14
4459 14
4460 63
4461 63
4462 63
4463 63
4464 63
4465 63
4466 63
4467 63
4468 159
4469 159
4470 159
4471 159
4472 159
4473 159
4474 159
4475 159
4476 167
4477 167
4478 167
4479 167
4480 65
4481 65
4482 65
4483 65
4484 65
4485 65
4486 65
4487 65
4488 158
4489 158
4490 158
4491 158
4492 158
4493 158
4494 158
4495 158
4496 128
4497 128
4498 128
4499 128
4500 128
4501 128
4502 128
4503 128
4504 21
4505 21
4506 21
4507 21
4508 21
4509 21
4510 21
4511 21
4512 165
4513 165
4514 165
4515 165
4516 165
4517 165
4518 165
4519 165
4520 28
4521 28
4522 28
4523 28
4524 28
4525 28
4526 28
4527 28
4528 27
4529 27
4530 27
4531 27
4532 27
4533 27
4534 27
4535 27
4536 150
4537 150
4538 150
4539 150
4540 150
4541 150
4542 150
4543 150
4544 145
4545 145
4546 145
4547 145
4548 145
4549 145
4550 145
4551 145
4552 54
4553 54
4554 54
4555 54
4556 54
4557 54
4558 54
4559 54
4560 17
4561 17
4562 17
4563 17
4564 17
4565 17
4566 17
4567 17
4568 62
4569 62
4570 62
4571 62
4572 62
4573 62
4574 62
4575 62
4576 168
4577 168
4578 168
4579 168
4580 168
4581 168
4582 168
4583 168
4584 32
4585 32
4586 32
4587 32
4588 32
4589 32
4590 32
4591 32
4592 22
4593 22
4594 22
4595 22
4596 22
4597 22
4598 22
4599 7
4600 7
4601 7
4602 7
4603 7
4604 7
4605 7
4606 7
4607 94
4608 94
4609 94
4610 94
4611 94
4612 94
4613 94
4614 94
4615 12
4616 12
4617 12
4618 12
4619 12
4620 12
4621 12
4622 93
4623 93
4624 93
4625 93
4626 93
4627 93
4628 93
4629 93
4630 132
4631 132
4632 132
4633 132
4634 132
4635 70
4636 70
4637 70
4638 70
4639 70
4640 70
4641 70
4642 70
4643 34
4644 34
4645 34
4646 34
4647 34
4648 34
4649 34
4650 34
4651 170
4652 170
4653 170
4654 170
4655 170
4656 170
4657 170
4658 107
4659 99
4660 51
4661 51
4662 51
4663 51
4664 98
4665 98
4666 98
4667 98
4668 98
4669 98
4670 98
4671 98
4672 166
4673 166
4674 166
4675 166
4676 166
4677 166
4678 166
4679 166
4680 9
4681 9
4682 9
4683 9
4684 9
4685 9
4686 9
4687 9
4688 144
4689 144
4690 144
4691 144
4692 154
4693 154
4694 154
4695 154
4696 154
4697 154
4698 154
4699 154
4700 148
4701 148
4702 148
4703 148
4704 148
4705 148
4706 148
4707 148
4708 174
4709 174
4710 174
4711 174
4712 174
4713 174
4714 174
4715 174
4716 57
4717 57
4718 57
4719 57
4720 57
4721 57
4722 57
4723 57
4724 56
4725 56
4726 56
4727 56
4728 56
4729 56
4730 56
4731 56
4732 97
4733 97
4734 97
4735 97
4736 97
4737 97
4738 97
4739 97
4740 18
4741 18
4742 18
4743 18
4744 18
4745 18
4746 18
4747 18
4748 90
4749 90
4750 90
4751 90
4752 90
4753 90
4754 90
4755 90
4756 102
4757 102
4758 102
4759 102
4760 102
4761 102
4762 102
4763 102
4764 109
4765 109
4766 109
4767 109
4768 109
4769 109
4770 109
4771 109
4772 106
4773 106
4774 106
4775 106
4776 106
4777 106
4778 106
4779 106
4780 92
4781 92
4782 92
4783 92
4784 92
4785 92
4786 92
4787 92
4788 47
4789 47
4790 47
4791 47
4792 47
4793 47
4794 47
4795 16
4796 16
4797 16
4798 16
4799 16
4800 16
4801 16
4802 16
4803 105
4804 105
4805 105
4806 105
4807 105
4808 105
4809 105
4810 105
4811 78
4812 78
4813 78
4814 78
4815 78
4816 78
4817 147
4818 147
4819 147
4820 147
4821 147
4822 147
4823 147
4824 147
4825 153
4826 153
4827 153
4828 153
4829 153
4830 153
4831 153
4832 153
4833 126
4834 126
4835 126
4836 1
4837 1
4838 110
4839 110
4840 110
4841 110
4842 110
4843 110
4844 110
4845 110
4846 29
4847 29
4848 29
4849 29
4850 29
4851 29
4852 29
4853 29
4854 66
4855 66
4856 66
4857 66
4858 66
4859 66
4860 66
4861 66
4862 67
4863 67
4864 67
4865 67
4866 67
4867 67
4868 117
4869 117
4870 117
4871 117
4872 117
4873 117
4874 117
4875 117
4876 96
4877 96
4878 96
4879 96
4880 96
4881 96
4882 96
4883 44
4884 44
4885 44
4886 44
4887 44
4888 44
4889 44
4890 44
4891 38
4892 38
4893 38
4894 38
4895 38
4896 38
4897 38
4898 38
4899 81
4900 61
4901 61
4902 75
4903 75
4904 75
4905 75
4906 75
4907 75
4908 75
4909 75
4910 137
4911 137
4912 137
4913 137
4914 137
4915 137
4916 137
4917 137
4918 30
4919 30
4920 30
4921 30
4922 30
4923 30
4924 30
4925 30
4926 46
4927 46
4928 46
4929 46
4930 46
4931 46
4932 46
4933 46
4934 6
4935 6
4936 6
4937 6
4938 6
4939 6
4940 6
4941 6
4942 41
4943 41
4944 41
4945 41
4946 41
4947 41
4948 41
4949 41
4950 43
4951 43
4952 43
4953 43
4954 43
4955 43
4956 43
4957 43
4958 101
4959 101
4960 103
4961 103
4962 103
4963 103
4964 103
4965 103
4966 103
4967 103
4968 131
4969 131
4970 131
4971 131
4972 131
4973 131
4974 131
4975 131
4976 163
4977 163
4978 163
4979 163
4980 163
4981 163
4982 163
4983 163
4984 173
4985 164
4986 164
4987 164
4988 164
4989 164
4990 164
4991 164
4992 164
4993 162
4994 162
4995 162
4996 162
4997 162
4998 162
4999 162
5000 162
5001 53
5002 53
5003 53
5004 53
5005 53
5006 53
5007 53
5008 53
5009 26
5010 26
5011 26
5012 26
5013 26
5014 26
5015 26
5016 26
5017 39
5018 39
5019 39
5020 39
5021 39
5022 39
5023 39
5024 39
5025 24
5026 24
5027 24
5028 24
5029 24
5030 24
5031 24
5032 24
5033 71
5034 71
5035 71
5036 71
5037 71
5038 71
5039 71
5040 71
5041 15
5042 15
5043 15
5044 15
5045 15
5046 15
5047 15
5048 15
5049 157
5050 157
5051 157
5052 157
5053 157
5054 157
5055 157
5056 157
5057 112
5058 112
5059 112
5060 112
5061 112
5062 112
5063 112
5064 112
5065 13
5066 13
5067 13
5068 13
5069 13
5070 13
5071 13
5072 13
5073 155
5074 155
5075 155
5076 155
5077 155
5078 155
5079 155
5080 155
5081 88
5082 88
5083 88
5084 88
5085 88
5086 88
5087 88
5088 88
5089 83
5090 83
5091 83
5092 83
5093 83
5094 83
5095 83
5096 83
5097 40
5098 40
5099 40
5100 40
5101 40
5102 40
5103 40
5104 40
5105 116
5106 116
5107 116
5108 116
5109 116
5110 116
5111 116
5112 116
5113 45
5114 129
5115 151
5116 118
5117 118
5118 118
5119 118
5120 130
5121 130
5122 130
5123 130
5124 130
5125 130
5126 130
5127 130
5128 11
5129 11
5130 11
5131 11
5132 11
5133 11
5134 11
5135 11
5136 74
5137 74
5138 74
5139 74
5140 74
5141 74
5142 74
5143 74
5144 156
5145 156
5146 156
5147 156
5148 156
5149 156
5150 55
5151 14
5152 14
5153 14
5154 14
5155 14
5156 14
5157 14
5158 14
5159 63
5160 63
5161 63
5162 63
5163 63
5164 63
5165 63
5166 63
5167 159
5168 159
5169 159
5170 159
5171 159
5172 159
5173 159
5174 159
5175 65
5176 65
5177 65
5178 65
5179 65
5180 65
5181 65
5182 65
5183 158
5184 158
5185 158
5186 158
5187 158
5188 158
5189 158
5190 158
5191 128
5192 128
5193 128
5194 21
5195 21
5196 21
5197 21
5198 21
5199 21
5200 21
5201 21
5202 165
5203 165
5204 165
5205 165
5206 165
5207 165
5208 165
5209 165
5210 28
5211 28
5212 28
5213 28
5214 28
5215 28
5216 28
5217 28
5218 27
5219 27
5220 27
5221 27
5222 27
5223 27
5224 27
5225 27
5226 150
5227 150
5228 150
5229 150
5230 150
5231 150
5232 150
5233 150
5234 145
5235 145
5236 145
5237 145
5238 145
5239 145
5240 145
5241 145
5242 54
5243 54
5244 54
5245 54
5246 54
5247 54
5248 17
5249 17
5250 17
5251 17
5252 17
5253 17
5254 17
5255 17
5256 62
5257 62
5258 62
5259 168
5260 168
5261 168
5262 168
5263 168
5264 168
5265 168
5266 168
5267 32
5268 32
5269 32
5270 32
5271 32
5272 32
5273 32
5274 32
5275 7
5276 7
5277 7
5278 94
5279 94
5280 94
5281 94
5282 94
5283 94
5284 94
5285 94
5286 93
5287 93
5288 93
5289 93
5290 93
5291 93
5292 93
5293 93
5294 70
5295 70
5296 70
5297 70
5298 70
5299 70
5300 70
5301 70
5302 34
5303 34
5304 34
5305 34
5306 34
5307 34
5308 34
5309 34
5310 98
5311 98
5312 98
5313 98
5314 98
5315 98
5316 98
5317 98
5318 166
5319 166
5320 166
5321 166
5322 166
5323 166
5324 166
5325 166
5326 9
5327 9
5328 9
5329 9
5330 154
5331 154
5332 154
5333 154
5334 154
5335 154
5336 154
5337 154
5338 148
5339 148
5340 148
5341 148
5342 148
5343 148
5344 174
5345 174
5346 174
5347 174
5348 174
5349 174
5350 174
5351 174
5352 57
5353 57
5354 57
5355 57
5356 57
5357 57
5358 57
5359 57
5360 56
5361 56
5362 56
5363 56
5364 56
5365 56
5366 56
5367 56
5368 97
5369 97
5370 97
5371 97
5372 97
5373 97
5374 97
5375 97
5376 18
5377 90
5378 90
5379 90
5380 90
5381 90
5382 90
5383 90
5384 90
5385 102
5386 102
5387 102
5388 102
5389 102
5390 102
5391 102
5392 102
5393 109
5394 109
5395 109
5396 109
5397 109
5398 109
5399 109
5400 109
5401 106
5402 106
5403 106
5404 106
5405 106
5406 106
5407 106
5408 106
5409 92
5410 92
5411 92
5412 92
5413 92
5414 92
5415 92
5416 92
5417 16
5418 105
5419 105
5420 105
5421 105
5422 105
5423 105
5424 105
5425 105
5426 147
5427 147
5428 153
5429 153
5430 153
5431 153
5432 153
5433 110
5434 110
5435 110
5436 110
5437 110
5438 110
5439 110
5440 110
5441 29
5442 29
5443 29
5444 29
5445 29
5446 29
5447 29
5448 29
5449 66
5450 66
5451 66
5452 66
5453 66
5454 66
5455 66
5456 66
5457 117
5458 117
5459 117
5460 117
5461 117
5462 117
5463 38
5464 38
5465 38
5466 38
5467 38
5468 38
5469 38
5470 38
5471 75
5472 75
5473 75
5474 75
5475 75
5476 75
5477 75
5478 137
5479 137
5480 137
5481 137
5482 137
5483 137
5484 137
5485 137
5486 30
5487 30
5488 30
5489 30
5490 30
5491 30
5492 30
5493 30
5494 46
5495 46
5496 6
5497 6
5498 6
5499 6
5500 6
5501 6
5502 6
5503 6
5504 41
5505 41
5506 41
5507 41
5508 41
5509 41
5510 41
5511 41
5512 43
5513 43
5514 43
5515 43
5516 103
5517 103
5518 103
5519 103
5520 103
5521 103
5522 103
5523 103
5524 131
5525 131
5526 131
5527 131
5528 131
5529 163
5530 163
5531 163
5532 163
5533 163
5534 163
5535 163
5536 163
5537 164
5538 164
5539 164
5540 164
5541 164
5542 164
5543 164
5544 164
5545 53
5546 53
5547 53
5548 53
5549 53
5550 53
5551 53
5552 53
5553 26
5554 26
5555 26
5556 26
5557 26
5558 26
5559 26
5560 26
5561 24
5562 24
5563 24
5564 24
5565 24
5566 24
5567 24
5568 24
5569 71
5570 71
5571 71
5572 71
5573 71
5574 71
5575 71
5576 15
5577 15
5578 15
5579 15
5580 15
5581 15
5582 15
5583 15
5584 157
5585 157
5586 157
5587 157
5588 157
5589 157
5590 157
5591 157
5592 112
5593 112
5594 112
5595 112
5596 112
5597 13
5598 13
5599 13
5600 13
5601 13
5602 13
5603 13
5604 13
5605 155
5606 155
5607 155
5608 155
5609 155
5610 155
5611 155
5612 155
5613 88
5614 88
5615 88
5616 88
5617 88
5618 88
5619 88
5620 83
5621 83
5622 83
5623 83
5624 83
5625 83
5626 83
5627 40
5628 40
5629 40
5630 40
5631 40
5632 40
5633 40
5634 40
5635 116
5636 116
5637 116
5638 116
5639 116
5640 116
5641 116
5642 116
5643 130
5644 130
5645 130
5646 130
5647 130
5648 130
5649 130
5650 130
5651 11
5652 11
5653 11
5654 11
5655 11
5656 11
5657 74
5658 74
5659 74
5660 74
5661 74
5662 74
5663 74
5664 74
5665 14
5666 14
5667 14
5668 14
5669 14
5670 14
5671 14
5672 14
5673 63
5674 63
5675 63
5676 159
5677 159
5678 159
5679 159
5680 159
5681 159
5682 159
5683 159
5684 65
5685 158
5686 158
5687 158
5688 158
5689 21
5690 21
5691 21
5692 21
5693 21
5694 21
5695 21
5696 21
5697 165
5698 165
5699 165
5700 165
5701 165
5702 165
5703 165
5704 165
5705 27
5706 27
5707 27
5708 27
5709 27
5710 27
5711 27
5712 27
5713 150
5714 150
5715 150
5716 150
5717 150
5718 150
5719 150
5720 150
5721 145
5722 145
5723 145
5724 145
5725 145
5726 145
5727 145
5728 145
5729 17
5730 17
5731 17
5732 17
5733 17
5734 17
5735 17
5736 17
5737 168
5738 168
5739 168
5740 168
5741 168
5742 168
5743 168
5744 32
5745 32
5746 32
5747 32
5748 32
5749 32
5750 32
5751 94
5752 94
5753 94
5754 94
5755 94
5756 94
5757 94
5758 94
5759 93
5760 93
5761 93
5762 93
5763 93
5764 93
5765 70
5766 70
5767 70
5768 70
5769 70
5770 70
5771 70
5772 70
5773 34
5774 34
5775 34
5776 34
5777 34
5778 34
5779 34
5780 34
5781 166
5782 154
5783 154
5784 174
5785 174
5786 174
5787 174
5788 174
5789 174
5790 174
5791 174
5792 57
5793 57
5794 57
5795 57
5796 57
5797 57
5798 57
5799 57
5800 56
5801 56
5802 56
5803 102
5804 109
5805 109
5806 109
5807 109
5808 109
5809 109
5810 109
5811 109
5812 106
5813 106
5814 106
5815 106
5816 106
5817 106
5818 92
5819 92
5820 92
5821 92
5822 92
5823 92
5824 105
5825 105
5826 105
5827 105
5828 105
5829 105
5830 105
5831 105
5832 110
5833 110
5834 110
5835 110
5836 110
5837 110
5838 29
5839 29
5840 29
5841 29
5842 29
5843 29
5844 29
5845 29
5846 66
5847 66
5848 66
5849 38
5850 38
5851 38
5852 38
5853 38
5854 38
5855 38
5856 38
5857 137
5858 137
5859 137
5860 30
5861 30
5862 30
5863 30
5864 6
5865 6
5866 6
5867 6
5868 6
5869 6
5870 6
5871 6
5872 41
5873 41
5874 41
5875 41
5876 41
5877 41
5878 41
5879 103
5880 103
5881 103
5882 103
5883 103
5884 103
5885 103
5886 103
5887 163
5888 163
5889 163
5890 163
5891 163
5892 163
5893 163
5894 163
5895 164
5896 164
5897 53
5898 53
5899 53
5900 53
5901 53
5902 53
5903 53
5904 53
5905 26
5906 26
5907 26
5908 26
5909 26
5910 26
5911 26
5912 26
5913 24
5914 24
5915 24
5916 24
5917 24
5918 24
5919 24
5920 24
5921 15
5922 15
5923 15
5924 15
5925 15
5926 15
5927 15
5928 15
5929 157
5930 157
5931 157
5932 157
5933 157
5934 157
5935 157
5936 157
5937 13
5938 13
5939 13
5940 13
5941 13
5942 13
5943 13
5944 13
5945 155
5946 155
5947 155
5948 155
5949 155
5950 40
5951 40
5952 40
5953 40
5954 40
5955 40
5956 40
5957 40
5958 116
5959 116
5960 116
5961 116
5962 116
5963 130
5964 130
5965 130
5966 130
5967 130
5968 130
5969 130
5970 130
5971 74
5972 74
5973 74
5974 74
5975 74
5976 74
5977 74
5978 74
5979 159
5980 21
5981 21
5982 21
5983 21
5984 21
5985 21
5986 21
5987 21
5988 165
5989 165
5990 165
5991 27
5992 27
5993 27
5994 27
5995 27
5996 27
5997 27
5998 27
5999 150
6000 150
6001 150
6002 150
6003 150
6004 150
6005 150
6006 150
6007 145
6008 145
6009 145
6010 145
6011 145
6012 145
6013 145
6014 145
6015 17
6016 17
6017 17
6018 17
6019 17
6020 17
6021 17
6022 17
6023 94
6024 94
6025 94
6026 94
6027 94
6028 94
6029 94
6030 94
6031 70
6032 70
6033 70
6034 70
6035 34
6036 34
6037 34
6038 34
6039 34
6040 34
6041 34
6042 34
6043 174
6044 174
6045 174
6046 174
6047 174
6048 174
6049 174
6050 174
6051 57
6052 57
6053 57
6054 57
6055 57
6056 57
6057 57
6058 57
6059 109
6060 109
6061 109
6062 109
6063 109
6064 109
6065 109
6066 109
6067 105
6068 105
6069 105
6070 105
6071 105
6072 105
6073 105
6074 105
6075 29
6076 29
6077 29
6078 29
6079 29
6080 29
6081 29
6082 29
6083 38
6084 38
6085 38
6086 38
6087 38
6088 38
6089 38
6090 38
6091 6
6092 6
6093 6
6094 6
6095 6
6096 6
6097 6
6098 6
6099 103
6100 103
6101 103
6102 103
6103 103
6104 103
6105 103
6106 103
6107 163
6108 163
6109 163
6110 163
6111 163
6112 163
6113 163
6114 163
6115 53
6116 53
6117 53
6118 53
6119 53
6120 53
6121 53
6122 53
6123 26
6124 26
6125 26
6126 26
6127 26
6128 26
6129 26
6130 26
6131 24
6132 24
6133 24
6134 24
6135 24
6136 24
6137 24
6138 24
6139 15
6140 15
6141 15
6142 15
6143 15
6144 15
6145 15
6146 15
6147 157
6148 157
6149 157
6150 157
6151 157
6152 157
6153 157
6154 157
6155 13
6156 13
6157 13
6158 13
6159 13
6160 13
6161 13
6162 13
6163 40
6164 40
6165 40
6166 40
6167 40
6168 40
6169 40
6170 40
6171 130
6172 130
6173 130
6174 130
6175 130
6176 130
6177 130
6178 130
6179 74
6180 74
6181 74
6182 74
6183 74
6184 74
6185 74
6186 74
6187 21
6188 21
6189 21
6190 21
6191 21
6192 21
6193 21
6194 21
6195 27
6196 27
6197 27
6198 27
6199 27
6200 27
6201 27
6202 27
6203 150
6204 150
6205 150
6206 150
6207 150
6208 150
6209 150
6210 150
6211 145
6212 145
6213 145
6214 145
6215 145
6216 145
6217 145
6218 145
6219 17
6220 17
6221 17
6222 17
6223 17
6224 17
6225 17
6226 17
6227 94
6228 94
6229 94
6230 94
6231 94
6232 94
6233 94
6234 94
6235 34
6236 34
6237 34
6238 34
6239 34
6240 34
6241 34
6242 34
6243 174
6244 174
6245 174
6246 174
6247 174
6248 174
6249 174
6250 174
6251 57
6252 57
6253 57
6254 57
6255 57
6256 57
6257 57
6258 57
6259 109
6260 109
6261 109
6262 109
6263 109
6264 109
6265 109
6266 109
6267 105
6268 105
6269 105
6270 105
6271 105
6272 105
6273 105
6274 105
6275 29
6276 29
6277 29
6278 29
6279 29
6280 29
6281 29
6282 29
6283 38
6284 38
6285 38
6286 38
6287 38
6288 38
6289 38
6290 38
6291 6
6292 6
6293 6
6294 6
6295 6
6296 6
6297 6
6298 6
6299 103
6300 103
6301 103
6302 103
6303 103
6304 103
6305 103
6306 103
6307 163
6308 163
6309 163
6310 163
6311 163
6312 163
6313 163
6314 163
6315 53
6316 53
6317 53
6318 53
6319 53
6320 53
6321 53
6322 53
6323 26
6324 26
6325 26
6326 26
6327 26
6328 26
6329 26
6330 26
6331 24
6332 24
6333 24
6334 24
6335 24
6336 24
6337 24
6338 24
6339 15
6340 15
6341 15
6342 15
6343 15
6344 15
6345 15
6346 15
6347 157
6348 157
6349 157
6350 157
6351 157
6352 157
6353 157
6354 157
6355 13
6356 13
6357 13
6358 13
6359 13
6360 13
6361 13
6362 13
6363 40
6364 40
6365 40
6366 40
6367 40
6368 40
6369 40
6370 40
6371 130
6372 130
6373 130
6374 130
6375 130
6376 130
6377 130
6378 130
6379 74
6380 74
6381 74
6382 74
6383 74
6384 74
6385 74
6386 74
6387 21
6388 21
6389 21
6390 21
6391 21
6392 21
6393 21
6394 21
6395 27
6396 27
6397 27
6398 27
6399 27
6400 27
6401 27
6402 27
6403 150
6404 150
6405 150
6406 150
6407 150
6408 150
6409 150
6410 150
6411 145
6412 145
6413 145
6414 145
6415 145
6416 145
6417 145
6418 145
6419 17
6420 17
6421 17
6422 17
6423 17
6424 17
6425 17
6426 17
6427 94
6428 94
6429 94
6430 94
6431 94
6432 94
6433 94
6434 94
6435 34
6436 34
6437 34
6438 34
6439 34
6440 34
6441 34
6442 34
6443 174
6444 174
6445 174
6446 174
6447 174
6448 174
6449 174
6450 174
6451 57
6452 57
6453 57
6454 57
6455 57
6456 57
6457 57
6458 57
6459 109
6460 109
6461 109
6462 109
6463 109
6464 109
6465 109
6466 109
6467 105
6468 105
6469 105
6470 105
6471 105
6472 105
6473 105
6474 105
6475 29
6476 29
6477 29
6478 29
6479 29
6480 29
6481 29
6482 29
6483 38
6484 38
6485 38
6486 38
6487 38
6488 38
6489 38
6490 38
6491 6
6492 6
6493 6
6494 6
6495 6
6496 6
6497 6
6498 6
6499 103
6500 103
6501 103
6502 103
6503 103
6504 103
6505 103
6506 103
6507 163
6508 163
6509 163
6510 163
6511 163
6512 163
6513 163
6514 163
6515 53
6516 53
6517 53
6518 53
6519 53
6520 53
6521 53
6522 53
6523 26
6524 26
6525 26
6526 26
6527 26
6528 26
6529 26
6530 26
6531 24
6532 24
6533 24
6534 24
6535 24
6536 24
6537 24
6538 24
6539 15
6540 15
6541 15
6542 15
6543 15
6544 15
6545 15
6546 15
6547 157
6548 157
6549 157
6550 157
6551 157
6552 157
6553 157
6554 157
6555 13
6556 13
6557 13
6558 13
6559 13
6560 13
6561 13
6562 13
6563 40
6564 40
6565 40
6566 40
6567 40
6568 40
6569 40
6570 40
6571 130
6572 130
6573 130
6574 130
6575 130
6576 130
6577 130
6578 130
6579 74
6580 74
6581 74
6582 74
6583 74
6584 74
6585 74
6586 74
6587 21
6588 21
6589 21
6590 21
6591 21
6592 21
6593 21
6594 21
6595 27
6596 27
6597 27
6598 27
6599 27
6600 27
6601 27
6602 27
6603 150
6604 150
6605 150
6606 150
6607 150
6608 150
6609 150
6610 150
6611 145
6612 145
6613 145
6614 145
6615 145
6616 145
6617 145
6618 145
6619 17
6620 17
6621 17
6622 17
6623 17
6624 17
6625 17
6626 17
6627 94
6628 94
6629 94
6630 94
6631 94
6632 94
6633 94
6634 94
6635 34
6636 34
6637 34
6638 34
6639 34
6640 34
6641 34
6642 34
6643 174
6644 174
6645 174
6646 174
6647 174
6648 174
6649 174
6650 174
6651 57
6652 57
6653 57
6654 57
6655 57
6656 57
6657 57
6658 57
6659 109
6660 109
6661 109
6662 109
6663 109
6664 109
6665 109
6666 109
6667 105
6668 105
6669 105
6670 105
6671 105
6672 105
6673 105
6674 105
6675 29
6676 29
6677 29
6678 29
6679 29
6680 29
6681 29
6682 29
6683 38
6684 38
6685 38
6686 38
6687 38
6688 38
6689 38
6690 38
6691 6
6692 6
6693 6
6694 6
6695 6
6696 6
6697 6
6698 6
6699 103
6700 103
6701 103
6702 103
6703 103
6704 103
6705 103
6706 103
6707 163
6708 163
6709 163
6710 163
6711 163
6712 163
6713 163
6714 163
6715 53
6716 53
6717 53
6718 53
6719 53
6720 53
6721 53
6722 53
6723 26
6724 26
6725 26
6726 26
6727 26
6728 26
6729 26
6730 26
6731 24
6732 24
6733 24
6734 24
6735 24
6736 24
6737 24
6738 24
6739 15
6740 15
6741 15
6742 15
6743 15
6744 15
6745 15
6746 15
6747 157
6748 157
6749 157
6750 157
6751 157
6752 157
6753 157
6754 157
6755 13
6756 13
6757 13
6758 13
6759 13
6760 13
6761 13
6762 13
6763 40
6764 40
6765 40
6766 40
6767 40
6768 40
6769 40
6770 40
6771 130
6772 130
6773 130
6774 130
6775 130
6776 130
6777 130
6778 130
6779 74
6780 74
6781 74
6782 74
6783 74
6784 74
6785 74
6786 74
6787 21
6788 21
6789 21
6790 21
6791 21
6792 21
6793 21
6794 21
6795 27
6796 27
6797 27
6798 27
6799 27
6800 27
6801 27
6802 27
6803 150
6804 150
6805 150
6806 150
6807 150
6808 150
6809 150
6810 150
6811 145
6812 145
6813 145
6814 145
6815 145
6816 145
6817 145
6818 145
6819 17
6820 17
6821 17
6822 17
6823 17
6824 17
6825 17
6826 17
6827 94
6828 94
6829 94
6830 94
6831 94
6832 94
6833 94
6834 94
6835 34
6836 34
6837 34
6838 34
6839 34
6840 34
6841 34
6842 34
6843 174
6844 174
6845 174
6846 174
6847 174
6848 174
6849 174
6850 174
6851 57
6852 57
6853 57
6854 57
6855 57
6856 57
6857 57
6858 57
6859 109
6860 109
6861 109
6862 109
6863 109
6864 109
6865 109
6866 109
6867 105
6868 105
6869 105
6870 105
6871 105
6872 105
6873 105
6874 105
6875 29
6876 29
6877 29
6878 29
6879 29
6880 29
6881 29
6882 29
6883 38
6884 38
6885 38
6886 38
6887 38
6888 38
6889 38
6890 38
6891 6
6892 6
6893 6
6894 6
6895 6
6896 6
6897 6
6898 6
6899 103
6900 103
6901 103
6902 103
6903 103
6904 103
6905 103
6906 103
6907 163
6908 163
6909 163
6910 163
6911 163
6912 163
6913 163
6914 163
6915 53
6916 53
6917 53
6918 53
6919 53
6920 53
6921 53
6922 53
6923 26
6924 26
6925 26
6926 26
6927 26
6928 26
6929 26
6930 26
6931 24
6932 24
6933 24
6934 24
6935 24
6936 24
6937 24
6938 24
6939 15
6940 15
6941 15
6942 15
6943 15
6944 15
6945 15
6946 15
6947 157
6948 157
6949 157
6950 157
6951 157
6952 157
6953 157
6954 157
6955 13
6956 13
6957 13
6958 13
6959 13
6960 13
6961 13
6962 13
6963 40
6964 40
6965 40
6966 40
6967 40
6968 40
6969 40
6970 40
6971 130
6972 130
6973 130
6974 130
6975 130
6976 130
6977 130
6978 130
6979 74
6980 74
6981 74
6982 74
6983 74
6984 74
6985 74
6986 74
6987 21
6988 21
6989 21
6990 21
6991 21
6992 21
6993 21
6994 21
6995 27
6996 27
6997 27
6998 27
6999 27
7000 27
7001 27
7002 27
7003 150
7004 150
7005 150
7006 150
7007 150
7008 150
7009 150
7010 150
7011 145
7012 145
7013 145
7014 145
7015 145
7016 145
7017 145
7018 145
7019 17
7020 17
7021 17
7022 17
7023 17
7024 17
7025 17
7026 17
7027 94
7028 94
7029 94
7030 94
7031 94
7032 94
7033 94
7034 94
7035 34
7036 34
7037 34
7038 34
7039 34
7040 34
7041 34
7042 34
7043 174
7044 174
7045 174
7046 174
7047 174
7048 174
7049 174
7050 174
7051 57
7052 57
7053 57
7054 57
7055 57
7056 57
7057 57
7058 57
7059 109
7060 109
7061 109
7062 109
7063 109
7064 109
7065 109
7066 109
7067 105
7068 105
7069 105
7070 105
7071 105
7072 105
7073 105
7074 105
7075 29
7076 29
7077 29
7078 29
7079 29
7080 29
7081 29
7082 29
7083 38
7084 38
7085 38
7086 38
7087 38
7088 38
7089 38
7090 38
7091 6
7092 6
7093 6
7094 6
7095 6
7096 6
7097 6
7098 6
7099 103
7100 103
7101 103
7102 103
7103 103
7104 103
7105 103
7106 103
7107 163
7108 163
7109 163
7110 163
7111 163
7112 163
7113 163
7114 163
7115 53
7116 53
7117 53
7118 53
7119 53
7120 53
7121 53
7122 53
7123 26
7124 26
7125 26
7126 26
7127 26
7128 26
7129 26
7130 26
7131 24
7132 24
7133 24
7134 24
7135 24
7136 24
7137 24
7138 24
7139 15
7140 15
7141 15
7142 15
7143 15
7144 15
7145 15
7146 15
7147 157
7148 157
7149 157
7150 157
7151 157
7152 157
7153 157
7154 157
7155 13
7156 13
7157 13
7158 13
7159 13
7160 13
7161 13
7162 13
7163 40
7164 40
7165 40
7166 40
7167 40
7168 40
7169 40
7170 40
7171 130
7172 130
7173 130
7174 130
7175 130
7176 130
7177 130
7178 130
7179 74
7180 74
7181 74
7182 74
7183 74
7184 74
7185 74
7186 74
7187 21
7188 21
7189 21
7190 21
7191 21
7192 21
7193 21
7194 21
7195 27
7196 27
7197 27
7198 27
7199 27
7200 27
7201 27
7202 27
7203 150
7204 150
7205 150
7206 150
7207 150
7208 150
7209 150
7210 150
7211 145
7212 145
7213 145
7214 145
7215 145
7216 145
7217 145
7218 145
7219 17
7220 17
7221 17
7222 17
7223 17
7224 17
7225 17
7226 17
7227 94
7228 94
7229 94
7230 94
7231 94
7232 94
7233 94
7234 94
7235 34
7236 34
7237 34
7238 34
7239 34
7240 34
7241 34
7242 34
7243 174
7244 174
7245 174
7246 174
7247 174
7248 174
7249 174
7250 174
7251 57
7252 57
7253 57
7254 57
7255 57
7256 57
7257 57
7258 57
7259 109
7260 109
7261 109
7262 109
7263 109
7264 109
7265 109
7266 109
7267 105
7268 105
7269 105
7270 105
7271 105
7272 105
7273 105
7274 105
7275 29
7276 29
7277 29
7278 29
7279 29
7280 29
7281 29
7282 29
7283 38
7284 38
7285 38
7286 38
7287 38
7288 38
7289 38
7290 38
7291 6
7292 6
7293 6
7294 6
7295 6
7296 6
7297 6
7298 6
7299 103
7300 103
7301 103
7302 103
7303 103
7304 103
7305 103
7306 103
7307 163
7308 163
7309 163
7310 163
7311 163
7312 163
7313 163
7314 163
7315 53
7316 53
7317 53
7318 53
7319 53
7320 53
7321 53
7322 53
7323 26
7324 26
7325 26
7326 26
7327 26
7328 26
7329 26
7330 26
7331 24
7332 24
7333 24
7334 24
7335 24
7336 24
7337 24
7338 24
7339 15
7340 15
7341 15
7342 15
7343 15
7344 15
7345 15
7346 15
7347 157
7348 157
7349 157
7350 157
7351 157
7352 157
7353 157
7354 157
7355 13
7356 13
7357 13
7358 13
7359 13
7360 13
7361 13
7362 13
7363 40
7364 40
7365 40
7366 40
7367 40
7368 40
7369 40
7370 40
7371 130
7372 130
7373 130
7374 130
7375 130
7376 130
7377 130
7378 130
7379 74
7380 74
7381 74
7382 74
7383 74
7384 74
7385 74
7386 74
7387 21
7388 21
7389 21
7390 21
7391 21
7392 21
7393 21
7394 21
7395 27
7396 27
7397 27
7398 27
7399 27
7400 27
7401 27
7402 27
7403 150
7404 150
7405 150
7406 150
7407 150
7408 150
7409 150
7410 150
7411 145
7412 145
7413 145
7414 145
7415 145
7416 145
7417 145
7418 145
7419 17
7420 17
7421 17
7422 17
7423 17
7424 17
7425 17
7426 17
7427 94
7428 94
7429 94
7430 94
7431 94
7432 94
7433 94
7434 94
7435 34
7436 34
7437 34
7438 34
7439 34
7440 34
7441 34
7442 34
7443 174
7444 174
7445 174
7446 174
7447 174
7448 174
7449 174
7450 174
7451 57
7452 57
7453 57
7454 57
7455 57
7456 57
7457 57
7458 57
7459 109
7460 109
7461 109
7462 109
7463 109
7464 109
7465 109
7466 109
7467 105
7468 105
7469 105
7470 105
7471 105
7472 105
7473 105
7474 105
7475 29
7476 29
7477 29
7478 29
7479 29
7480 29
7481 29
7482 29
7483 38
7484 38
7485 38
7486 38
7487 38
7488 38
7489 38
7490 38
7491 6
7492 6
7493 6
7494 6
7495 6
7496 6
7497 6
7498 6
7499 103
7500 103
7501 103
7502 103
7503 103
7504 103
7505 103
7506 103
7507 163
7508 163
7509 163
7510 163
7511 163
7512 163
7513 163
7514 163
7515 53
7516 53
7517 53
7518 53
7519 53
7520 53
7521 53
7522 53
7523 26
7524 26
7525 26
7526 26
7527 26
7528 26
7529 26
7530 26
7531 24
7532 24
7533 24
7534 24
7535 24
7536 24
7537 24
7538 24
7539 15
7540 15
7541 15
7542 15
7543 15
7544 15
7545 15
7546 15
7547 157
7548 157
7549 157
7550 157
7551 157
7552 157
7553 157
7554 157
7555 13
7556 13
7557 13
7558 13
7559 13
7560 13
7561 13
7562 13
7563 40
7564 40
7565 40
7566 40
7567 40
7568 40
7569 40
7570 40
7571 130
7572 130
7573 130
7574 130
7575 130
7576 130
7577 130
7578 130
7579 74
7580 74
7581 74
7582 74
7583 74
7584 74
7585 74
7586 74
7587 21
7588 21
7589 21
7590 21
7591 21
7592 21
7593 21
7594 21
7595 27
7596 27
7597 27
7598 27
7599 27
7600 27
7601 27
7602 27
7603 150
7604 150
7605 150
7606 150
7607 150
7608 150
7609 150
7610 150
7611 145
7612 145
7613 145
7614 145
7615 145
7616 145
7617 145
7618 145
7619 17
7620 17
7621 17
7622 17
7623 17
7624 17
7625 17
7626 17
7627 94
7628 94
7629 94
7630 94
7631 94
7632 94
7633 94
7634 94
7635 34
7636 34
7637 34
7638 34
7639 34
7640 34
7641 34
7642 34
7643 174
7644 174
7645 174
7646 174
7647 174
7648 174
7649 174
7650 174
7651 57
7652 57
7653 57
7654 57
7655 57
7656 57
7657 57
7658 57
7659 109
7660 109
7661 109
7662 109
7663 109
7664 109
7665 109
7666 109
7667 105
7668 105
7669 105
7670 105
7671 105
7672 105
7673 105
7674 105
7675 29
7676 29
7677 29
7678 29
7679 29
7680 29
7681 29
7682 29
7683 38
7684 38
7685 38
7686 38
7687 38
7688 38
7689 38
7690 38
7691 6
7692 6
7693 6
7694 6
7695 6
7696 6
7697 6
7698 6
7699 103
7700 103
7701 103
7702 103
7703 103
7704 103
7705 103
7706 103
7707 163
7708 163
7709 163
7710 163
7711 163
7712 163
7713 163
7714 163
7715 53
7716 53
7717 53
7718 53
7719 53
7720 53
7721 53
7722 53
7723 26
7724 26
7725 26
7726 26
7727 26
7728 26
7729 26
7730 26
7731 24
7732 24
7733 24
7734 24
7735 24
7736 24
7737 24
7738 24
7739 15
7740 15
7741 15
7742 15
7743 15
7744 15
7745 15
7746 15
7747 157
7748 157
7749 157
7750 157
7751 157
7752 157
7753 157
7754 157
7755 13
7756 13
7757 13
7758 13
7759 13
7760 13
7761 13
7762 13
7763 40
7764 40
7765 40
7766 40
7767 40
7768 40
7769 40
7770 40
7771 130
7772 130
7773 130
7774 130
7775 130
7776 130
7777 130
7778 130
7779 74
7780 74
7781 74
7782 74
7783 74
7784 74
7785 74
7786 74
7787 21
7788 21
7789 21
7790 21
7791 21
7792 21
7793 21
7794 21
7795 27
7796 27
7797 27
7798 27
7799 27
7800 27
7801 27
7802 27
7803 150
7804 150
7805 150
7806 150
7807 150
7808 150
7809 150
7810 150
7811 145
7812 145
7813 145
7814 145
7815 145
7816 145
7817 145
7818 145
7819 17
7820 17
7821 17
7822 17
7823 17
7824 17
7825 17
7826 17
7827 94
7828 94
7829 94
7830 94
7831 94
7832 94
7833 94
7834 94
7835 34
7836 34
7837 34
7838 34
7839 34
7840 34
7841 34
7842 34
7843 174
7844 174
7845 174
7846 174
7847 174
7848 174
7849 174
7850 174
7851 57
7852 57
7853 57
7854 57
7855 57
7856 57
7857 57
7858 57
7859 109
7860 109
7861 109
7862 109
7863 109
7864 109
7865 109
7866 109
7867 105
7868 105
7869 105
7870 105
7871 105
7872 105
7873 105
7874 105
7875 29
7876 29
7877 29
7878 29
7879 29
7880 29
7881 29
7882 29
7883 38
7884 38
7885 38
7886 38
7887 38
7888 38
7889 38
7890 38
7891 6
7892 6
7893 6
7894 6
7895 6
7896 6
7897 6
7898 6
7899 103
7900 103
7901 103
7902 103
7903 103
7904 103
7905 103
7906 103
7907 163
7908 163
7909 163
7910 163
7911 163
7912 163
7913 163
7914 163
7915 53
7916 53
7917 53
7918 53
7919 53
7920 53
7921 53
7922 53
7923 26
7924 26
7925 26
7926 26
7927 26
7928 26
7929 26
7930 26
7931 24
7932 24
7933 24
7934 24
7935 24
7936 24
7937 24
7938 24
7939 15
7940 15
7941 15
7942 15
7943 15
7944 15
7945 15
7946 15
7947 157
7948 157
7949 157
7950 157
7951 157
7952 157
7953 157
7954 157
7955 13
7956 13
7957 13
7958 13
7959 13
7960 13
7961 13
7962 13
7963 40
7964 40
7965 40
7966 40
7967 40
7968 40
7969 40
7970 40
7971 130
7972 130
7973 130
7974 130
7975 130
7976 130
7977 130
7978 130
7979 74
7980 74
7981 74
7982 74
7983 74
7984 74
7985 74
7986 74
7987 21
7988 21
7989 21
7990 21
7991 21
7992 21
7993 21
7994 21
7995 27
7996 27
7997 27
7998 27
7999 27
8000 27
8001 27
8002 27
8003 150
8004 150
8005 150
8006 150
8007 150
8008 150
8009 150
8010 150
8011 145
8012 145
8013 145
8014 145
8015 145
8016 145
8017 145
8018 145
8019 17
8020 17
8021 17
8022 17
8023 17
8024 17
8025 17
8026 17
8027 94
8028 94
8029 94
8030 94
8031 94
8032 94
8033 94
8034 94
8035 34
8036 34
8037 34
8038 34
8039 34
8040 34
8041 34
8042 34
8043 174
8044 174
8045 174
8046 174
8047 174
8048 174
8049 174
8050 174
8051 57
8052 57
8053 57
8054 57
8055 57
8056 57
8057 57
8058 57
8059 109
8060 109
8061 109
8062 109
8063 109
8064 109
8065 109
8066 109
8067 105
8068 105
8069 105
8070 105
8071 105
8072 105
8073 105
8074 105
8075 29
8076 29
8077 29
8078 29
8079 29
8080 29
8081 29
8082 29
8083 38
8084 38
8085 38
8086 38
8087 38
8088 38
8089 38
8090 38
8091 6
8092 6
8093 6
8094 6
8095 6
8096 6
8097 6
8098 6
8099 103
8100 103
8101 103
8102 103
8103 103
8104 103
8105 103
8106 103
8107 163
8108 163
8109 163
8110 163
8111 163
8112 163
8113 163
8114 163
8115 53
8116 53
8117 53
8118 53
8119 53
8120 53
8121 53
8122 53
8123 26
8124 26
8125 26
8126 26
8127 26
8128 26
8129 26
8130 26
8131 24
8132 24
8133 24
8134 24
8135 24
8136 24
8137 24
8138 24
8139 15
8140 15
8141 15
8142 15
8143 15
8144 15
8145 15
8146 15
8147 157
8148 157
8149 157
8150 157
8151 157
8152 157
8153 157
8154 157
8155 13
8156 13
8157 13
8158 13
8159 13
8160 13
8161 13
8162 13
8163 40
8164 40
8165 40
8166 40
8167 40
8168 40
8169 40
8170 40
8171 130
8172 130
8173 130
8174 130
8175 130
8176 130
8177 130
8178 130
8179 74
8180 74
8181 74
8182 74
8183 74
8184 74
8185 74
8186 74
8187 21
8188 21
8189 21
8190 21
8191 21
8192 21
8193 21
8194 21
8195 27
8196 27
8197 27
8198 27
8199 27
8200 27
8201 27
8202 27
8203 150
8204 150
8205 150
8206 150
8207 150
8208 150
8209 150
8210 150
8211 145
8212 145
8213 145
8214 145
8215 145
8216 145
8217 145
8218 145
8219 17
8220 17
8221 17
8222 17
8223 17
8224 17
8225 17
8226 17
8227 94
8228 94
8229 94
8230 94
8231 94
8232 94
8233 94
8234 94
8235 34
8236 34
8237 34
8238 34
8239 34
8240 34
8241 34
8242 34
8243 174
8244 174
8245 174
8246 174
8247 174
8248 174
8249 174
8250 174
8251 57
8252 57
8253 57
8254 57
8255 57
8256 57
8257 57
8258 57
8259 109
8260 109
8261 109
8262 109
8263 109
8264 109
8265 109
8266 109
8267 105
8268 105
8269 105
8270 105
8271 105
8272 105
8273 105
8274 105
8275 29
8276 29
8277 29
8278 29
8279 29
8280 29
8281 29
8282 29
8283 38
8284 38
8285 38
8286 38
8287 38
8288 38
8289 38
8290 38
8291 6
8292 6
8293 6
8294 6
8295 6
8296 6
8297 6
8298 6
8299 103
8300 103
8301 103
8302 103
8303 103
8304 103
8305 103
8306 103
8307 163
8308 163
8309 163
8310 163
8311 163
8312 163
8313 163
8314 163
8315 53
8316 53
8317 53
8318 53
8319 53
8320 53
8321 53
8322 53
8323 26
8324 26
8325 26
8326 26
8327 26
8328 26
8329 26
8330 26
8331 24
8332 24
8333 24
8334 24
8335 24
8336 24
8337 24
8338 15
8339 15
8340 15
8341 15
8342 15
8343 15
8344 15
8345 15
8346 157
8347 157
8348 157
8349 157
8350 157
8351 157
8352 157
8353 157
8354 13
8355 13
8356 13
8357 13
8358 13
8359 13
8360 13
8361 13
8362 40
8363 40
8364 40
8365 40
8366 40
8367 40
8368 40
8369 40
8370 130
8371 130
8372 130
8373 130
8374 130
8375 130
8376 130
8377 130
8378 74
8379 74
8380 74
8381 74
8382 74
8383 74
8384 74
8385 74
8386 21
8387 21
8388 21
8389 21
8390 21
8391 21
8392 21
8393 21
8394 27
8395 27
8396 27
8397 27
8398 27
8399 27
8400 27
8401 27
8402 150
8403 150
8404 150
8405 150
8406 150
8407 150
8408 150
8409 150
8410 145
8411 145
8412 145
8413 145
8414 145
8415 145
8416 145
8417 145
8418 17
8419 17
8420 17
8421 17
8422 17
8423 17
8424 17
8425 17
8426 94
8427 94
8428 94
8429 94
8430 94
8431 94
8432 94
8433 94
8434 34
8435 34
8436 34
8437 34
8438 34
8439 34
8440 34
8441 34
8442 174
8443 174
8444 174
8445 174
8446 174
8447 174
8448 174
8449 174
8450 57
8451 57
8452 57
8453 57
8454 57
8455 57
8456 57
8457 57
8458 109
8459 109
8460 109
8461 109
8462 109
8463 109
8464 109
8465 109
8466 105
8467 105
8468 105
8469 105
8470 105
8471 105
8472 38
8473 38
8474 38
8475 38
8476 38
8477 38
8478 38
8479 38
8480 6
8481 6
8482 6
8483 6
8484 6
8485 6
8486 6
8487 6
8488 103
8489 103
8490 103
8491 103
8492 103
8493 103
8494 103
8495 103
8496 163
8497 163
8498 163
8499 163
8500 163
8501 163
8502 163
8503 163
8504 53
8505 53
8506 53
8507 53
8508 53
8509 53
8510 53
8511 53
8512 26
8513 26
8514 26
8515 26
8516 26
8517 26
8518 26
8519 26
8520 15
8521 15
8522 15
8523 15
8524 15
8525 15
8526 15
8527 15
8528 157
8529 157
8530 157
8531 157
8532 157
8533 157
8534 157
8535 157
8536 13
8537 13
8538 13
8539 13
8540 13
8541 13
8542 13
8543 13
8544 40
8545 40
8546 40
8547 40
8548 40
8549 40
8550 40
8551 40
8552 130
8553 130
8554 130
8555 130
8556 130
8557 130
8558 130
8559 130
8560 74
8561 74
8562 74
8563 74
8564 74
8565 74
8566 74
8567 74
8568 21
8569 21
8570 21
8571 21
8572 21
8573 21
8574 21
8575 21
8576 27
8577 27
8578 27
8579 27
8580 27
8581 27
8582 27
8583 27
8584 150
8585 150
8586 150
8587 150
8588 150
8589 150
8590 150
8591 150
8592 145
8593 145
8594 145
8595 145
8596 145
8597 145
8598 145
8599 145
8600 17
8601 17
8602 17
8603 17
8604 17
8605 17
8606 17
8607 17
8608 94
8609 94
8610 94
8611 94
8612 94
8613 94
8614 94
8615 94
8616 34
8617 34
8618 34
8619 34
8620 174
8621 174
8622 174
8623 174
8624 174
8625 174
8626 174
8627 57
8628 57
8629 57
8630 57
8631 57
8632 57
8633 57
8634 57
8635 109
8636 109
8637 109
8638 109
8639 109
8640 109
8641 109
8642 109
8643 38
8644 38
8645 38
8646 38
8647 38
8648 38
8649 38
8650 38
8651 6
8652 6
8653 6
8654 6
8655 6
8656 6
8657 6
8658 6
8659 103
8660 103
8661 103
8662 103
8663 103
8664 103
8665 103
8666 103
8667 163
8668 163
8669 163
8670 163
8671 163
8672 163
8673 163
8674 163
8675 53
8676 53
8677 53
8678 53
8679 53
8680 53
8681 53
8682 53
8683 26
8684 26
8685 26
8686 26
8687 26
8688 26
8689 26
8690 26
8691 15
8692 15
8693 15
8694 15
8695 15
8696 15
8697 15
8698 15
8699 157
8700 157
8701 157
8702 157
8703 157
8704 157
8705 157
8706 157
8707 13
8708 13
8709 13
8710 13
8711 13
8712 13
8713 13
8714 13
8715 40
8716 40
8717 40
8718 40
8719 40
8720 40
8721 40
8722 40
8723 130
8724 130
8725 130
8726 130
8727 130
8728 130
8729 130
8730 130
8731 74
8732 74
8733 74
8734 74
8735 74
8736 74
8737 74
8738 74
8739 21
8740 21
8741 21
8742 21
8743 21
8744 21
8745 21
8746 27
8747 27
8748 27
8749 27
8750 27
8751 27
8752 27
8753 27
8754 150
8755 150
8756 150
8757 150
8758 150
8759 150
8760 150
8761 150
8762 145
8763 145
8764 145
8765 145
8766 145
8767 145
8768 145
8769 145
8770 17
8771 17
8772 17
8773 17
8774 17
8775 17
8776 17
8777 17
8778 94
8779 94
8780 94
8781 94
8782 94
8783 94
8784 94
8785 94
8786 57
8787 57
8788 57
8789 57
8790 57
8791 57
8792 57
8793 57
8794 109
8795 109
8796 109
8797 109
8798 109
8799 109
8800 109
8801 109
8802 38
8803 38
8804 38
8805 38
8806 38
8807 38
8808 38
8809 38
8810 6
8811 6
8812 6
8813 6
8814 6
8815 6
8816 6
8817 6
8818 103
8819 103
8820 103
8821 103
8822 103
8823 103
8824 103
8825 103
8826 163
8827 163
8828 163
8829 163
8830 163
8831 163
8832 163
8833 163
8834 53
8835 53
8836 53
8837 53
8838 53
8839 53
8840 53
8841 53
8842 26
8843 26
8844 26
8845 26
8846 15
8847 15
8848 15
8849 15
8850 15
8851 15
8852 15
8853 15
8854 157
8855 157
8856 157
8857 157
8858 157
8859 157
8860 157
8861 157
8862 13
8863 13
8864 13
8865 13
8866 13
8867 13
8868 13
8869 13
8870 40
8871 40
8872 40
8873 40
8874 40
8875 40
8876 40
8877 40
8878 130
8879 130
8880 130
8881 130
8882 130
8883 130
8884 130
8885 130
8886 74
8887 74
8888 74
8889 74
8890 74
8891 74
8892 74
8893 74
8894 27
8895 27
8896 27
8897 27
8898 27
8899 27
8900 27
8901 27
8902 150
8903 150
8904 150
8905 150
8906 150
8907 150
8908 150
8909 150
8910 145
8911 145
8912 145
8913 145
8914 145
8915 145
8916 145
8917 145
8918 17
8919 17
8920 17
8921 17
8922 17
8923 17
8924 17
8925 17
8926 94
8927 94
8928 94
8929 94
8930 94
8931 94
8932 94
8933 94
8934 57
8935 57
8936 57
8937 57
8938 57
8939 57
8940 57
8941 57
8942 109
8943 109
8944 109
8945 109
8946 109
8947 109
8948 109
8949 109
8950 38
8951 38
8952 38
8953 38
8954 38
8955 38
8956 38
8957 38
8958 6
8959 6
8960 6
8961 6
8962 6
8963 6
8964 6
8965 6
8966 163
8967 163
8968 163
8969 163
8970 163
8971 163
8972 163
8973 163
8974 53
8975 15
8976 15
8977 15
8978 15
8979 15
8980 15
8981 15
8982 15
8983 157
8984 157
8985 157
8986 157
8987 157
8988 157
8989 157
8990 157
8991 13
8992 13
8993 13
8994 13
8995 13
8996 13
8997 13
8998 13
8999 40
9000 40
9001 40
9002 40
9003 40
9004 40
9005 40
9006 40
9007 130
9008 130
9009 130
9010 130
9011 130
9012 74
9013 74
9014 74
9015 74
9016 74
9017 74
9018 74
9019 74
9020 150
9021 150
9022 150
9023 150
9024 150
9025 150
9026 145
9027 145
9028 145
9029 145
9030 145
9031 17
9032 17
9033 17
9034 17
9035 17
9036 17
9037 17
9038 17
9039 94
9040 94
9041 94
9042 94
9043 94
9044 94
9045 94
9046 94
9047 57
9048 57
9049 57
9050 57
9051 57
9052 57
9053 57
9054 57
9055 109
9056 109
9057 109
9058 109
9059 109
9060 109
9061 109
9062 109
9063 38
9064 38
9065 38
9066 38
9067 38
9068 38
9069 38
9070 38
9071 6
9072 6
9073 6
9074 6
9075 6
9076 6
9077 6
9078 6
9079 163
9080 163
9081 163
9082 163
9083 163
9084 163
9085 163
9086 163
9087 15
9088 15
9089 15
9090 15
9091 15
9092 15
9093 15
9094 15
9095 157
9096 157
9097 157
9098 157
9099 157
9100 157
9101 157
9102 157
9103 13
9104 13
9105 13
9106 13
9107 13
9108 13
9109 13
9110 13
9111 40
9112 40
9113 40
9114 40
9115 40
9116 40
9117 40
9118 40
9119 74
9120 74
9121 74
9122 74
9123 74
9124 74
9125 74
9126 74
9127 17
9128 17
9129 17
9130 17
9131 17
9132 17
9133 17
9134 17
9135 94
9136 94
9137 94
9138 94
9139 94
9140 94
9141 94
9142 94
9143 57
9144 57
9145 57
9146 57
9147 57
9148 57
9149 57
9150 57
9151 109
9152 109
9153 109
9154 109
9155 109
9156 109
9157 109
9158 109
9159 38
9160 38
9161 38
9162 38
9163 38
9164 38
9165 38
9166 38
9167 6
9168 6
9169 6
9170 6
9171 6
9172 6
9173 6
9174 6
9175 163
9176 163
9177 163
9178 163
9179 163
9180 163
9181 163
9182 163
9183 15
9184 15
9185 15
9186 15
9187 15
9188 15
9189 15
9190 15
9191 157
9192 157
9193 157
9194 157
9195 157
9196 157
9197 157
9198 157
9199 13
9200 13
9201 13
9202 13
9203 13
9204 13
9205 13
9206 13
9207 40
9208 40
9209 40
9210 40
9211 40
9212 40
9213 40
9214 40
9215 74
9216 74
9217 74
9218 74
9219 74
9220 74
9221 74
9222 74
9223 17
9224 17
9225 17
9226 17
9227 17
9228 17
9229 17
9230 17
9231 94
9232 94
9233 94
9234 94
9235 94
9236 94
9237 94
9238 94
9239 57
9240 57
9241 57
9242 57
9243 57
9244 57
9245 57
9246 57
9247 109
9248 109
9249 109
9250 109
9251 109
9252 109
9253 109
9254 109
9255 38
9256 38
9257 38
9258 38
9259 38
9260 38
9261 38
9262 38
9263 6
9264 163
9265 163
9266 163
9267 163
9268 163
9269 163
9270 163
9271 163
9272 15
9273 15
9274 15
9275 15
9276 15
9277 15
9278 15
9279 15
9280 157
9281 157
9282 157
9283 157
9284 157
9285 157
9286 157
9287 157
9288 13
9289 13
9290 13
9291 13
9292 13
9293 13
9294 13
9295 13
9296 40
9297 40
9298 40
9299 40
9300 40
9301 40
9302 40
9303 40
9304 74
9305 74
9306 74
9307 74
9308 74
9309 74
9310 74
9311 74
9312 17
9313 17
9314 17
9315 17
9316 17
9317 17
9318 17
9319 17
9320 94
9321 94
9322 94
9323 94
9324 94
9325 94
9326 94
9327 94
9328 57
9329 57
9330 57
9331 57
9332 57
9333 57
9334 57
9335 57
9336 109
9337 109
9338 109
9339 109
9340 109
9341 109
9342 109
9343 109
9344 38
9345 38
9346 38
9347 38
9348 38
9349 38
9350 38
9351 38
9352 163
9353 163
9354 15
9355 15
9356 15
9357 15
9358 15
9359 15
9360 15
9361 157
9362 157
9363 157
9364 157
9365 157
9366 157
9367 157
9368 157
9369 13
9370 13
9371 13
9372 13
9373 13
9374 13
9375 13
9376 13
9377 40
9378 40
9379 40
9380 40
9381 40
9382 40
9383 40
9384 40
9385 74
9386 74
9387 74
9388 74
9389 74
9390 74
9391 74
9392 74
9393 17
9394 17
9395 94
9396 94
9397 94
9398 94
9399 94
9400 94
9401 94
9402 94
9403 57
9404 57
9405 109
9406 109
9407 109
9408 109
9409 109
9410 109
9411 109
9412 109
9413 38
9414 38
9415 38
9416 38
9417 157
9418 157
9419 157
9420 157
9421 157
9422 157
9423 157
9424 157
9425 13
9426 13
9427 13
9428 13
9429 13
9430 13
9431 13
9432 13
9433 40
9434 40
9435 40
9436 40
9437 40
9438 40
9439 40
9440 40
9441 74
9442 74
9443 74
9444 74
9445 74
9446 74
9447 74
9448 74
9449 94
9450 94
9451 94
9452 94
9453 94
9454 94
9455 94
9456 94
9457 157
9458 157
9459 157
9460 157
9461 157
9462 157
9463 157
9464 157
9465 13
9466 13
9467 13
9468 13
9469 13
9470 13
9471 13
9472 13
9473 40
9474 40
9475 40
9476 40
9477 40
9478 40
9479 40
9480 40
9481 74
9482 74
9483 94
9484 94
9485 94
9486 94
9487 94
9488 94
9489 94
9490 94
9491 157
9492 157
9493 157
9494 157
9495 157
9496 157
9497 157
9498 157
9499 13
9500 13
9501 13
9502 13
9503 13
9504 13
9505 13
9506 13
9507 40
9508 40
9509 40
9510 40
9511 40
9512 40
9513 40
9514 40
9515 94
9516 94
9517 94
9518 94
9519 94
9520 94
9521 94
9522 94
9523 157
9524 157
9525 13
9526 13
9527 13
9528 40
9529 40
9530 94