0 85
1 85
2 85
3 85
4 169
5 169
6 169
7 169
8 85
9 85
10 85
11 85
12 127
13 127
14 127
15 127
16 169
17 169
18 169
19 169
20 144
21 144
22 144
23 144
24 139
25 139
26 139
27 139
28 85
29 85
30 85
31 85
32 10
33 10
34 10
35 10
36 109
37 109
38 109
39 109
40 96
41 96
42 96
43 96
44 127
45 127
46 127
47 127
48 135
49 135
50 135
51 135
52 169
53 169
54 169
55 169
56 60
57 60
58 60
59 60
60 144
61 144
62 144
63 144
64 143
65 143
66 143
67 143
68 139
69 139
70 139
71 139
72 146
73 146
74 146
75 146
76 85
77 85
78 85
79 85
80 62
81 62
82 62
83 62
84 119
85 119
86 119
87 119
88 10
89 10
90 10
91 10
92 123
93 123
94 123
95 123
96 58
97 58
98 58
99 58
100 109
101 109
102 109
103 109
104 96
105 96
106 96
107 96
108 33
109 33
110 33
111 33
112 127
113 127
114 141
115 141
116 141
117 141
118 135
119 135
120 135
121 135
122 169
123 169
124 169
125 169
126 3
127 3
128 3
129 3
130 60
131 60
132 60
133 60
134 144
135 144
136 144
137 144
138 42
139 42
140 42
141 42
142 16
143 16
144 16
145 16
146 143
147 143
148 143
149 69
150 69
151 69
152 69
153 29
154 29
155 29
156 29
157 139
158 139
159 139
160 139
161 80
162 80
163 80
164 80
165 38
166 38
167 38
168 38
169 61
170 61
171 61
172 61
173 146
174 85
175 85
176 85
177 85
178 5
179 5
180 5
181 5
182 62
183 62
184 62
185 62
186 68
187 68
188 68
189 68
190 108
191 108
192 108
193 108
194 119
195 119
196 119
197 119
198 95
199 95
200 95
201 95
202 10
203 10
204 10
205 10
206 123
207 123
208 8
209 8
210 8
211 8
212 26
213 26
214 26
215 26
216 58
217 58
218 58
219 58
220 76
221 76
222 76
223 76
224 24
225 24
226 24
227 24
228 71
229 71
230 71
231 71
232 0
233 0
234 0
235 0
236 83
237 83
238 83
239 83
240 149
241 149
242 149
243 149
244 109
245 109
246 109
247 109
248 96
249 96
250 96
251 96
252 138
253 138
254 138
255 138
256 118
257 118
258 118
259 118
260 33
261 33
262 33
263 33
264 141
265 141
266 141
267 141
268 74
269 74
270 74
271 74
272 156
273 156
274 156
275 156
276 63
277 63
278 63
279 63
280 135
281 135
282 135
283 135
284 21
285 21
286 21
287 21
288 27
289 27
290 27
291 27
292 91
293 91
294 91
295 91
296 169
297 169
298 169
299 169
300 32
301 32
302 32
303 32
304 73
305 73
306 73
307 73
308 94
309 94
310 94
311 94
312 3
313 3
314 3
315 3
316 132
317 132
318 132
319 132
320 60
321 60
322 60
323 60
324 170
325 170
326 170
327 170
328 144
329 144
330 144
331 144
332 42
333 42
334 42
335 42
336 107
337 107
338 107
339 107
340 99
341 99
342 99
343 99
344 16
345 16
346 16
347 16
348 51
349 51
350 51
351 51
352 98
353 98
354 98
355 98
356 166
357 166
358 166
359 166
360 82
361 82
362 82
363 82
364 69
365 69
366 69
367 69
368 9
369 9
370 9
371 9
372 172
373 172
374 172
375 172
376 29
377 29
378 29
379 29
380 139
381 139
382 139
383 139
384 80
385 80
386 80
387 80
388 154
389 154
390 154
391 154
392 160
393 160
394 160
395 160
396 38
397 38
398 38
399 38
400 20
401 20
402 20
403 20
404 61
405 61
406 61
407 61
408 148
409 148
410 148
411 148
412 50
413 50
414 50
415 50
416 174
417 174
418 174
419 174
420 85
421 85
422 85
423 85
424 5
425 5
426 5
427 5
428 57
429 57
430 57
431 57
432 62
433 62
434 62
435 62
436 56
437 56
438 56
439 56
440 68
441 68
442 68
443 68
444 97
445 97
446 97
447 97
448 108
449 108
450 108
451 108
452 18
453 18
454 18
455 18
456 86
457 86
458 86
459 86
460 49
461 49
462 49
463 49
464 119
465 119
466 119
467 119
468 90
469 90
470 90
471 90
472 95
473 95
474 95
475 95
476 102
477 102
478 102
479 102
480 10
481 10
482 10
483 10
484 106
485 106
486 106
487 106
488 92
489 92
490 92
491 92
492 8
493 8
494 8
495 8
496 47
497 47
498 47
499 47
500 26
501 26
502 26
503 26
504 37
505 37
506 37
507 37
508 58
509 58
510 58
511 58
512 76
513 76
514 76
515 76
516 105
517 105
518 105
519 105
520 79
521 79
522 79
523 79
524 24
525 24
526 24
527 24
528 78
529 78
530 78
531 78
532 147
533 147
534 147
535 147
536 153
537 153
538 153
539 153
540 71
541 71
542 71
543 71
544 126
545 126
546 126
547 126
548 1
549 1
550 1
551 1
552 110
553 110
554 110
555 110
556 0
557 0
558 0
559 0
560 66
561 66
562 66
563 66
564 67
565 67
566 67
567 67
568 83
569 83
570 83
571 83
572 25
573 25
574 25
575 25
576 117
577 117
578 117
579 117
580 149
581 149
582 149
583 149
584 52
585 52
586 52
587 52
588 121
589 121
590 121
591 121
592 59
593 59
594 59
595 59
596 44
597 44
598 44
599 44
600 109
601 109
602 109
603 109
604 96
605 96
606 96
607 96
608 138
609 100
610 100
611 100
612 100
613 118
614 118
615 118
616 118
617 33
618 81
619 81
620 81
621 81
622 75
623 75
624 75
625 75
626 74
627 74
628 74
629 74
630 140
631 140
632 140
633 140
634 137
635 137
636 137
637 137
638 156
639 156
640 156
641 156
642 30
643 30
644 30
645 30
646 63
647 63
648 63
649 63
650 46
651 46
652 46
653 46
654 6
655 6
656 6
657 6
658 135
659 135
660 135
661 135
662 21
663 21
664 21
665 21
666 48
667 48
668 48
669 48
670 41
671 41
672 41
673 41
674 43
675 43
676 43
677 43
678 27
679 27
680 27
681 27
682 91
683 125
684 125
685 125
686 125
687 101
688 101
689 101
690 101
691 169
692 169
693 169
694 169
695 103
696 103
697 103
698 103
699 131
700 131
701 131
702 131
703 32
704 32
705 32
706 32
707 72
708 72
709 72
710 72
711 163
712 163
713 163
714 163
715 73
716 73
717 73
718 73
719 94
720 94
721 94
722 94
723 173
724 173
725 173
726 173
727 104
728 104
729 104
730 104
731 3
732 3
733 3
734 3
735 164
736 164
737 164
738 164
739 132
740 132
741 132
742 132
743 60
744 60
745 84
746 84
747 84
748 84
749 19
750 19
751 19
752 19
753 170
754 170
755 170
756 170
757 162
758 162
759 162
760 162
761 53
762 53
763 53
764 53
765 144
766 144
767 144
768 144
769 42
770 42
771 42
772 42
773 64
774 64
775 64
776 64
777 39
778 39
779 39
780 39
781 107
782 107
783 107
784 107
785 99
786 99
787 99
788 99
789 16
790 16
791 16
792 16
793 51
794 51
795 51
796 51
797 161
798 161
799 161
800 161
801 23
802 23
803 23
804 23
805 171
806 171
807 171
808 171
809 98
810 98
811 98
812 98
813 122
814 122
815 122
816 122
817 166
818 166
819 166
820 166
821 82
822 82
823 82
824 82
825 15
826 15
827 15
828 15
829 157
830 157
831 157
832 157
833 112
834 112
835 112
836 112
837 69
838 69
839 69
840 69
841 13
842 13
843 13
844 13
845 155
846 155
847 155
848 155
849 9
850 9
851 9
852 9
853 152
854 152
855 152
856 152
857 88
858 88
859 88
860 88
861 172
862 172
863 172
864 172
865 40
866 40
867 40
868 40
869 29
870 29
871 29
872 29
873 31
874 31
875 31
876 31
877 136
878 136
879 136
880 136
881 139
882 139
883 139
884 139
885 80
886 80
887 80
888 80
889 133
890 133
891 133
892 133
893 111
894 111
895 111
896 111
897 116
898 116
899 116
900 116
901 154
902 154
903 154
904 154
905 45
906 45
907 45
908 45
909 129
910 129
911 129
912 129
913 151
914 151
915 151
916 151
917 160
918 160
919 160
920 160
921 130
922 130
923 130
924 130
925 38
926 38
927 38
928 38
929 20
930 20
931 20
932 20
933 11
934 11
935 11
936 11
937 61
938 61
939 61
940 61
941 36
942 36
943 36
944 36
945 148
946 148
947 148
948 148
949 50
950 50
951 50
952 50
953 174
954 174
955 174
956 174
957 55
958 55
959 55
960 55
961 85
962 85
963 85
964 85
965 142
966 142
967 142
968 142
969 35
970 35
971 35
972 35
973 124
974 124
975 124
976 124
977 89
978 89
979 89
980 89
981 5
982 5
983 5
984 5
985 14
986 14
987 14
988 14
989 57
990 57
991 57
992 57
993 159
994 159
995 159
996 159
997 167
998 167
999 167
1000 167
1001 65
1002 65
1003 65
1004 65
1005 158
1006 158
1007 158
1008 158
1009 62
1010 62
1011 62
1012 62
1013 2
1014 2
1015 2
1016 2
1017 128
1018 128
1019 128
1020 128
1021 165
1022 165
1023 165
1024 165
1025 56
1026 56
1027 56
1028 56
1029 68
1030 68
1031 68
1032 68
1033 28
1034 28
1035 28
1036 28
1037 115
1038 115
1039 115
1040 115
1041 150
1042 150
1043 150
1044 150
1045 97
1046 97
1047 97
1048 97
1049 145
1050 145
1051 145
1052 145
1053 108
1054 108
1055 108
1056 108
1057 18
1058 18
1059 18
1060 18
1061 54
1062 54
1063 54
1064 54
1065 17
1066 17
1067 17
1068 17
1069 86
1070 86
1071 86
1072 86
1073 113
1074 113
1075 113
1076 113
1077 168
1078 168
1079 168
1080 168
1081 49
1082 49
1083 49
1084 49
1085 114
1086 114
1087 114
1088 114
1089 119
1090 22
1091 22
1092 22
1093 22
1094 90
1095 90
1096 90
1097 90
1098 134
1099 134
1100 134
1101 134
1102 95
1103 95
1104 95
1105 95
1106 4
1107 4
1108 4
1109 4
1110 102
1111 102
1112 102
1113 102
1114 7
1115 7
1116 7
1117 7
1118 10
1119 10
1120 10
1121 10
1122 12
1123 12
1124 12
1125 12
1126 120
1127 120
1128 120
1129 120
1130 87
1131 87
1132 87
1133 87
1134 93
1135 93
1136 93
1137 93
1138 106
1139 106
1140 106
1141 106
1142 77
1143 77
1144 77
1145 77
1146 92
1147 92
1148 92
1149 92
1150 70
1151 70
1152 70
1153 70
1154 8
1155 8
1156 8
1157 8
1158 34
1159 34
1160 34
1161 34
1162 47
1163 47
1164 47
1165 47
1166 26
1167 26
1168 26
1169 26
1170 37
1171 37
1172 37
1173 37
1174 76
1175 76
1176 76
1177 76
1178 105
1179 105
1180 105
1181 105
1182 79
1183 79
1184 24
1185 24
1186 24
1187 24
1188 78
1189 78
1190 78
1191 78
1192 147
1193 147
1194 147
1195 147
1196 153
1197 153
1198 153
1199 153
1200 71
1201 71
1202 71
1203 71
1204 126
1205 126
1206 126
1207 126
1208 1
1209 1
1210 1
1211 1
1212 110
1213 110
1214 110
1215 110
1216 0
1217 0
1218 0
1219 66
1220 66
1221 66
1222 66
1223 67
1224 67
1225 67
1226 67
1227 83
1228 83
1229 83
1230 83
1231 25
1232 25
1233 25
1234 25
1235 117
1236 117
1237 117
1238 117
1239 149
1240 52
1241 52
1242 52
1243 52
1244 121
1245 121
1246 121
1247 59
1248 59
1249 59
1250 59
1251 44
1252 44
1253 44
1254 44
1255 109
1256 109
1257 109
1258 109
1259 96
1260 96
1261 96
1262 96
1263 100
1264 100
1265 100
1266 100
1267 118
1268 118
1269 118
1270 118
1271 81
1272 81
1273 81
1274 81
1275 75
1276 75
1277 75
1278 75
1279 74
1280 74
1281 74
1282 74
1283 140
1284 140
1285 140
1286 140
1287 137
1288 137
1289 137
1290 137
1291 156
1292 156
1293 156
1294 156
1295 30
1296 30
1297 30
1298 30
1299 63
1300 63
1301 63
1302 63
1303 46
1304 46
1305 46
1306 46
1307 6
1308 6
1309 6
1310 6
1311 135
1312 135
1313 135
1314 135
1315 21
1316 21
1317 21
1318 21
1319 48
1320 41
1321 41
1322 41
1323 41
1324 43
1325 43
1326 43
1327 43
1328 27
1329 27
1330 27
1331 27
1332 125
1333 125
1334 125
1335 125
1336 101
1337 101
1338 101
1339 101
1340 169
1341 169
1342 169
1343 169
1344 103
1345 103
1346 103
1347 103
1348 131
1349 131
1350 131
1351 131
1352 32
1353 32
1354 32
1355 32
1356 72
1357 72
1358 163
1359 163
1360 163
1361 163
1362 73
1363 73
1364 94
1365 94
1366 94
1367 94
1368 173
1369 173
1370 173
1371 173
1372 104
1373 104
1374 104
1375 104
1376 3
1377 3
1378 3
1379 3
1380 164
1381 164
1382 164
1383 164
1384 132
1385 132
1386 132
1387 132
1388 84
1389 84
1390 84
1391 84
1392 19
1393 19
1394 19
1395 19
1396 170
1397 170
1398 170
1399 170
1400 162
1401 162
1402 162
1403 162
1404 53
1405 53
1406 53
1407 53
1408 144
1409 144
1410 144
1411 144
1412 42
1413 42
1414 42
1415 42
1416 64
1417 64
1418 64
1419 39
1420 39
1421 39
1422 39
1423 107
1424 107
1425 107
1426 107
1427 99
1428 99
1429 99
1430 99
1431 16
1432 16
1433 16
1434 16
1435 51
1436 51
1437 51
1438 51
1439 161
1440 161
1441 161
1442 161
1443 23
1444 23
1445 171
1446 171
1447 171
1448 171
1449 98
1450 98
1451 98
1452 98
1453 122
1454 122
1455 122
1456 122
1457 166
1458 166
1459 166
1460 166
1461 82
1462 82
1463 82
1464 82
1465 15
1466 15
1467 15
1468 15
1469 157
1470 157
1471 157
1472 157
1473 112
1474 112
1475 112
1476 112
1477 69
1478 13
1479 13
1480 13
1481 13
1482 155
1483 155
1484 155
1485 155
1486 9
1487 9
1488 9
1489 9
1490 152
1491 152
1492 152
1493 152
1494 88
1495 88
1496 88
1497 88
1498 172
1499 172
1500 172
1501 172
1502 40
1503 40
1504 40
1505 40
1506 29
1507 29
1508 29
1509 29
1510 31
1511 31
1512 31
1513 136
1514 139
1515 139
1516 139
1517 139
1518 80
1519 80
1520 80
1521 80
1522 133
1523 133
1524 133
1525 133
1526 111
1527 111
1528 111
1529 111
1530 116
1531 116
1532 116
1533 116
1534 154
1535 154
1536 154
1537 154
1538 45
1539 45
1540 45
1541 45
1542 129
1543 129
1544 129
1545 129
1546 151
1547 151
1548 151
1549 151
1550 160
1551 160
1552 160
1553 160
1554 130
1555 130
1556 130
1557 130
1558 38
1559 38
1560 38
1561 38
1562 20
1563 20
1564 20
1565 11
1566 11
1567 11
1568 11
1569 61
1570 61
1571 61
1572 61
1573 36
1574 36
1575 36
1576 36
1577 148
1578 148
1579 148
1580 148
1581 50
1582 50
1583 174
1584 174
1585 174
1586 174
1587 55
1588 55
1589 55
1590 55
1591 85
1592 85
1593 85
1594 85
1595 142
1596 142
1597 142
1598 142
1599 35
1600 35
1601 35
1602 35
1603 124
1604 124
1605 124
1606 124
1607 89
1608 89
1609 5
1610 5
1611 5
1612 5
1613 14
1614 14
1615 14
1616 14
1617 57
1618 57
1619 57
1620 57
1621 159
1622 159
1623 159
1624 159
1625 167
1626 167
1627 167
1628 167
1629 65
1630 65
1631 65
1632 65
1633 158
1634 158
1635 158
1636 158
1637 62
1638 62
1639 62
1640 62
1641 2
1642 2
1643 128
1644 128
1645 128
1646 128
1647 165
1648 165
1649 165
1650 165
1651 56
1652 56
1653 56
1654 56
1655 68
1656 68
1657 68
1658 68
1659 28
1660 28
1661 28
1662 28
1663 115
1664 115
1665 115
1666 115
1667 150
1668 150
1669 150
1670 150
1671 97
1672 97
1673 97
1674 97
1675 145
1676 145
1677 145
1678 145
1679 18
1680 18
1681 18
1682 18
1683 54
1684 54
1685 54
1686 54
1687 17
1688 17
1689 17
1690 17
1691 86
1692 86
1693 86
1694 86
1695 113
1696 113
1697 113
1698 113
1699 168
1700 168
1701 168
1702 168
1703 49
1704 49
1705 49
1706 49
1707 114
1708 114
1709 114
1710 22
1711 22
1712 22
1713 22
1714 90
1715 90
1716 90
1717 90
1718 134
1719 134
1720 134
1721 134
1722 95
1723 95
1724 95
1725 95
1726 4
1727 4
1728 4
1729 102
1730 102
1731 102
1732 102
1733 7
1734 7
1735 7
1736 7
1737 10
1738 10
1739 10
1740 10
1741 12
1742 12
1743 12
1744 12
1745 120
1746 120
1747 120
1748 87
1749 87
1750 93
1751 93
1752 93
1753 93
1754 106
1755 106
1756 106
1757 106
1758 77
1759 77
1760 77
1761 77
1762 92
1763 92
1764 92
1765 92
1766 70
1767 70
1768 70
1769 70
1770 8
1771 8
1772 8
1773 8
1774 34
1775 34
1776 34
1777 34
1778 47
1779 47
1780 47
1781 47
1782 26
1783 26
1784 26
1785 26
1786 37
1787 37
1788 37
1789 37
1790 76
1791 76
1792 76
1793 76
1794 105
1795 105
1796 105
1797 105
1798 24
1799 24
1800 24
1801 24
1802 78
1803 78
1804 78
1805 78
1806 147
1807 147
1808 147
1809 147
1810 153
1811 153
1812 153
1813 153
1814 71
1815 71
1816 71
1817 71
1818 126
1819 126
1820 126
1821 126
1822 1
1823 1
1824 1
1825 1
1826 110
1827 110
1828 110
1829 110
1830 66
1831 66
1832 66
1833 66
1834 67
1835 67
1836 67
1837 67
1838 83
1839 83
1840 83
1841 83
1842 25
1843 25
1844 25
1845 25
1846 117
1847 117
1848 117
1849 117
1850 52
1851 52
1852 52
1853 52
1854 59
1855 59
1856 59
1857 44
1858 44
1859 44
1860 44
1861 109
1862 109
1863 109
1864 109
1865 96
1866 96
1867 96
1868 96
1869 100
1870 100
1871 100
1872 100
1873 118
1874 118
1875 118
1876 118
1877 81
1878 81
1879 81
1880 81
1881 75
1882 75
1883 75
1884 75
1885 74
1886 74
1887 74
1888 74
1889 140
1890 140
1891 137
1892 137
1893 137
1894 137
1895 156
1896 156
1897 156
1898 156
1899 30
1900 30
1901 30
1902 30
1903 63
1904 63
1905 63
1906 63
1907 46
1908 46
1909 46
1910 46
1911 6
1912 6
1913 6
1914 6
1915 135
1916 135
1917 135
1918 135
1919 21
1920 21
1921 21
1922 21
1923 41
1924 41
1925 41
1926 41
1927 43
1928 43
1929 43
1930 43
1931 27
1932 27
1933 27
1934 27
1935 125
1936 125
1937 125
1938 125
1939 101
1940 101
1941 101
1942 101
1943 169
1944 169
1945 169
1946 169
1947 103
1948 103
1949 103
1950 103
1951 131
1952 131
1953 131
1954 131
1955 32
1956 32
1957 32
1958 32
1959 163
1960 163
1961 163
1962 163
1963 94
1964 94
1965 94
1966 94
1967 173
1968 173
1969 173
1970 173
1971 104
1972 104
1973 104
1974 3
1975 3
1976 3
1977 3
1978 164
1979 164
1980 164
1981 164
1982 132
1983 132
1984 132
1985 132
1986 19
1987 19
1988 19
1989 19
1990 170
1991 170
1992 170
1993 170
1994 162
1995 162
1996 162
1997 162
1998 53
1999 53
2000 53
2001 53
2002 144
2003 144
2004 144
2005 144
2006 42
2007 42
2008 42
2009 42
2010 39
2011 39
2012 39
2013 39
2014 107
2015 107
2016 107
2017 107
2018 99
2019 99
2020 99
2021 99
2022 16
2023 16
2024 16
2025 16
2026 51
2027 51
2028 51
2029 51
2030 161
2031 161
2032 161
2033 161
2034 171
2035 171
2036 171
2037 98
2038 98
2039 98
2040 98
2041 122
2042 122
2043 122
2044 122
2045 166
2046 166
2047 166
2048 166
2049 82
2050 15
2051 15
2052 15
2053 15
2054 157
2055 157
2056 157
2057 157
2058 112
2059 112
2060 112
2061 112
2062 13
2063 13
2064 13
2065 13
2066 155
2067 155
2068 155
2069 155
2070 9
2071 9
2072 9
2073 9
2074 152
2075 152
2076 152
2077 152
2078 88
2079 88
2080 88
2081 88
2082 172
2083 172
2084 172
2085 40
2086 40
2087 40
2088 40
2089 29
2090 29
2091 29
2092 29
2093 139
2094 139
2095 139
2096 139
2097 80
2098 80
2099 80
2100 80
2101 133
2102 133
2103 133
2104 133
2105 111
2106 111
2107 116
2108 116
2109 116
2110 116
2111 154
2112 154
2113 154
2114 154
2115 45
2116 45
2117 45
2118 45
2119 129
2120 129
2121 129
2122 129
2123 151
2124 151
2125 151
2126 151
2127 130
2128 130
2129 130
2130 130
2131 38
2132 38
2133 38
2134 38
2135 11
2136 11
2137 11
2138 11
2139 61
2140 61
2141 61
2142 61
2143 36
2144 36
2145 36
2146 36
2147 148
2148 148
2149 148
2150 148
2151 174
2152 174
2153 174
2154 174
2155 55
2156 55
2157 55
2158 55
2159 85
2160 85
2161 85
2162 85
2163 142
2164 142
2165 142
2166 142
2167 35
2168 124
2169 124
2170 124
2171 124
2172 5
2173 5
2174 5
2175 5
2176 14
2177 14
2178 14
2179 14
2180 57
2181 57
2182 57
2183 57
2184 159
2185 159
2186 159
2187 159
2188 167
2189 167
2190 167
2191 167
2192 65
2193 65
2194 65
2195 65
2196 158
2197 158
2198 158
2199 158
2200 62
2201 62
2202 62
2203 62
2204 128
2205 128
2206 128
2207 128
2208 165
2209 165
2210 165
2211 165
2212 56
2213 56
2214 56
2215 56
2216 68
2217 68
2218 68
2219 68
2220 28
2221 28
2222 28
2223 28
2224 115
2225 115
2226 115
2227 115
2228 150
2229 150
2230 150
2231 150
2232 97
2233 97
2234 97
2235 97
2236 145
2237 145
2238 145
2239 145
2240 18
2241 18
2242 18
2243 18
2244 54
2245 54
2246 54
2247 54
2248 17
2249 17
2250 17
2251 17
2252 86
2253 86
2254 86
2255 86
2256 113
2257 113
2258 113
2259 168
2260 168
2261 168
2262 168
2263 49
2264 49
2265 49
2266 49
2267 22
2268 22
2269 22
2270 22
2271 90
2272 90
2273 90
2274 90
2275 134
2276 134
2277 134
2278 134
2279 95
2280 95
2281 95
2282 95
2283 102
2284 102
2285 102
2286 102
2287 7
2288 7
2289 7
2290 7
2291 10
2292 10
2293 10
2294 10
2295 12
2296 12
2297 12
2298 12
2299 93
2300 93
2301 93
2302 93
2303 106
2304 106
2305 106
2306 106
2307 77
2308 77
2309 92
2310 92
2311 92
2312 92
2313 70
2314 70
2315 70
2316 70
2317 8
2318 8
2319 8
2320 8
2321 34
2322 34
2323 34
2324 34
2325 47
2326 47
2327 47
2328 47
2329 26
2330 26
2331 26
2332 26
2333 37
2334 37
2335 76
2336 76
2337 76
2338 76
2339 105
2340 105
2341 105
2342 105
2343 24
2344 24
2345 24
2346 24
2347 78
2348 78
2349 78
2350 78
2351 147
2352 147
2353 147
2354 147
2355 153
2356 153
2357 153
2358 153
2359 71
2360 71
2361 71
2362 71
2363 126
2364 126
2365 126
2366 126
2367 1
2368 1
2369 1
2370 1
2371 110
2372 110
2373 110
2374 110
2375 66
2376 66
2377 66
2378 66
2379 67
2380 67
2381 67
2382 67
2383 83
2384 83
2385 83
2386 83
2387 25
2388 25
2389 117
2390 117
2391 117
2392 117
2393 52
2394 52
2395 52
2396 52
2397 44
2398 44
2399 44
2400 44
2401 109
2402 109
2403 109
2404 109
2405 96
2406 96
2407 96
2408 96
2409 100
2410 100
2411 100
2412 100
2413 118
2414 118
2415 118
2416 118
2417 81
2418 81
2419 81
2420 81
2421 75
2422 75
2423 75
2424 75
2425 74
2426 74
2427 74
2428 74
2429 137
2430 137
2431 137
2432 137
2433 156
2434 156
2435 156
2436 156
2437 30
2438 30
2439 30
2440 30
2441 63
2442 63
2443 63
2444 63
2445 46
2446 46
2447 46
2448 46
2449 6
2450 6
2451 6
2452 6
2453 135
2454 135
2455 135
2456 135
2457 21
2458 21
2459 21
2460 21
2461 41
2462 41
2463 41
2464 41
2465 43
2466 43
2467 43
2468 43
2469 27
2470 27
2471 27
2472 27
2473 125
2474 125
2475 101
2476 101
2477 101
2478 101
2479 169
2480 169
2481 169
2482 169
2483 103
2484 103
2485 103
2486 103
2487 131
2488 131
2489 131
2490 131
2491 32
2492 32
2493 32
2494 32
2495 163
2496 163
2497 163
2498 163
2499 94
2500 94
2501 94
2502 94
2503 173
2504 173
2505 173
2506 173
2507 3
2508 3
2509 3
2510 3
2511 164
2512 164
2513 164
2514 164
2515 132
2516 132
2517 132
2518 132
2519 19
2520 19
2521 19
2522 19
2523 170
2524 170
2525 170
2526 170
2527 162
2528 162
2529 162
2530 162
2531 53
2532 53
2533 53
2534 53
2535 144
2536 144
2537 144
2538 144
2539 42
2540 42
2541 42
2542 42
2543 39
2544 39
2545 39
2546 39
2547 107
2548 107
2549 107
2550 107
2551 99
2552 99
2553 99
2554 99
2555 16
2556 16
2557 16
2558 16
2559 51
2560 51
2561 51
2562 51
2563 161
2564 161
2565 161
2566 161
2567 98
2568 98
2569 98
2570 98
2571 122
2572 122
2573 122
2574 122
2575 166
2576 166
2577 166
2578 166
2579 15
2580 15
2581 15
2582 15
2583 157
2584 157
2585 157
2586 157
2587 112
2588 112
2589 112
2590 112
2591 13
2592 13
2593 13
2594 13
2595 155
2596 155
2597 155
2598 155
2599 9
2600 9
2601 9
2602 9
2603 152
2604 152
2605 152
2606 152
2607 88
2608 88
2609 88
2610 88
2611 40
2612 40
2613 40
2614 40
2615 29
2616 29
2617 29
2618 29
2619 80
2620 80
2621 80
2622 80
2623 133
2624 116
2625 116
2626 116
2627 116
2628 154
2629 154
2630 154
2631 154
2632 45
2633 45
2634 45
2635 45
2636 129
2637 129
2638 129
2639 129
2640 151
2641 151
2642 151
2643 151
2644 130
2645 130
2646 130
2647 130
2648 38
2649 38
2650 38
2651 38
2652 11
2653 11
2654 11
2655 11
2656 61
2657 61
2658 61
2659 61
2660 36
2661 36
2662 36
2663 36
2664 148
2665 148
2666 148
2667 148
2668 174
2669 174
2670 174
2671 174
2672 55
2673 55
2674 55
2675 55
2676 85
2677 142
2678 142
2679 142
2680 142
2681 124
2682 124
2683 124
2684 124
2685 5
2686 5
2687 5
2688 5
2689 14
2690 14
2691 14
2692 14
2693 57
2694 57
2695 57
2696 57
2697 159
2698 159
2699 159
2700 159
2701 167
2702 167
2703 167
2704 167
2705 65
2706 65
2707 65
2708 65
2709 158
2710 158
2711 158
2712 158
2713 62
2714 62
2715 62
2716 62
2717 128
2718 128
2719 128
2720 128
2721 165
2722 165
2723 165
2724 165
2725 56
2726 56
2727 56
2728 56
2729 68
2730 68
2731 68
2732 68
2733 28
2734 28
2735 28
2736 28
2737 115
2738 115
2739 115
2740 150
2741 150
2742 150
2743 150
2744 97
2745 97
2746 97
2747 97
2748 145
2749 145
2750 145
2751 145
2752 18
2753 18
2754 18
2755 18
2756 54
2757 54
2758 54
2759 54
2760 17
2761 17
2762 17
2763 17
2764 86
2765 86
2766 86
2767 86
2768 168
2769 168
2770 168
2771 168
2772 49
2773 49
2774 49
2775 49
2776 22
2777 22
2778 22
2779 22
2780 90
2781 90
2782 90
2783 90
2784 134
2785 134
2786 134
2787 95
2788 95
2789 95
2790 95
2791 102
2792 102
2793 102
2794 102
2795 7
2796 7
2797 7
2798 7
2799 10
2800 10
2801 10
2802 10
2803 12
2804 12
2805 12
2806 12
2807 93
2808 93
2809 93
2810 93
2811 106
2812 106
2813 106
2814 106
2815 92
2816 92
2817 92
2818 92
2819 70
2820 70
2821 70
2822 70
2823 8
2824 8
2825 8
2826 8
2827 34
2828 34
2829 34
2830 34
2831 47
2832 47
2833 47
2834 47
2835 26
2836 26
2837 26
2838 26
2839 76
2840 76
2841 76
2842 76
2843 105
2844 105
2845 105
2846 105
2847 24
2848 24
2849 24
2850 24
2851 78
2852 78
2853 78
2854 78
2855 147
2856 147
2857 147
2858 147
2859 153
2860 153
2861 153
2862 153
2863 71
2864 71
2865 71
2866 71
2867 126
2868 126
2869 126
2870 126
2871 1
2872 1
2873 1
2874 1
2875 110
2876 110
2877 110
2878 110
2879 66
2880 66
2881 66
2882 66
2883 67
2884 67
2885 67
2886 67
2887 83
2888 83
2889 83
2890 83
2891 117
2892 117
2893 117
2894 117
2895 52
2896 52
2897 52
2898 52
2899 44
2900 44
2901 44
2902 44
2903 109
2904 109
2905 109
2906 109
2907 96
2908 96
2909 96
2910 96
2911 100
2912 100
2913 100
2914 100
2915 118
2916 118
2917 118
2918 118
2919 81
2920 81
2921 81
2922 81
2923 75
2924 75
2925 75
2926 75
2927 74
2928 74
2929 74
2930 74
2931 137
2932 137
2933 137
2934 137
2935 156
2936 156
2937 156
2938 156
2939 30
2940 30
2941 30
2942 30
2943 63
2944 63
2945 63
2946 63
2947 46
2948 46
2949 46
2950 46
2951 6
2952 6
2953 6
2954 6
2955 135
2956 135
2957 135
2958 135
2959 21
2960 21
2961 21
2962 21
2963 41
2964 41
2965 41
2966 41
2967 43
2968 43
2969 43
2970 43
2971 27
2972 27
2973 27
2974 27
2975 101
2976 101
2977 101
2978 101
2979 169
2980 169
2981 169
2982 169
2983 103
2984 103
2985 103
2986 103
2987 131
2988 131
2989 131
2990 131
2991 32
2992 32
2993 32
2994 32
2995 163
2996 163
2997 163
2998 163
2999 94
3000 94
3001 94
3002 94
3003 173
3004 173
3005 173
3006 173
3007 3
3008 3
3009 3
3010 3
3011 164
3012 164
3013 164
3014 164
3015 132
3016 132
3017 132
3018 132
3019 19
3020 19
3021 19
3022 19
3023 170
3024 170
3025 170
3026 170
3027 162
3028 162
3029 162
3030 162
3031 53
3032 53
3033 53
3034 53
3035 144
3036 144
3037 144
3038 144
3039 42
3040 42
3041 42
3042 42
3043 39
3044 39
3045 39
3046 39
3047 107
3048 107
3049 107
3050 107
3051 99
3052 99
3053 99
3054 99
3055 16
3056 16
3057 16
3058 16
3059 51
3060 51
3061 51
3062 51
3063 161
3064 161
3065 161
3066 161
3067 98
3068 98
3069 98
3070 98
3071 122
3072 122
3073 122
3074 122
3075 166
3076 166
3077 166
3078 166
3079 15
3080 15
3081 15
3082 15
3083 157
3084 157
3085 157
3086 157
3087 112
3088 112
3089 112
3090 112
3091 13
3092 13
3093 13
3094 13
3095 155
3096 155
3097 155
3098 155
3099 9
3100 9
3101 9
3102 9
3103 152
3104 152
3105 152
3106 152
3107 88
3108 88
3109 88
3110 88
3111 40
3112 40
3113 40
3114 40
3115 29
3116 29
3117 29
3118 29
3119 80
3120 80
3121 80
3122 80
3123 116
3124 116
3125 116
3126 116
3127 154
3128 154
3129 154
3130 154
3131 45
3132 45
3133 45
3134 45
3135 129
3136 129
3137 129
3138 129
3139 151
3140 151
3141 151
3142 151
3143 130
3144 130
3145 130
3146 130
3147 38
3148 38
3149 38
3150 38
3151 11
3152 11
3153 11
3154 11
3155 61
3156 61
3157 61
3158 61
3159 36
3160 36
3161 36
3162 36
3163 148
3164 148
3165 148
3166 148
3167 174
3168 174
3169 174
3170 174
3171 55
3172 55
3173 55
3174 55
3175 142
3176 142
3177 142
3178 142
3179 124
3180 124
3181 124
3182 124
3183 5
3184 14
3185 14
3186 14
3187 14
3188 57
3189 57
3190 57
3191 57
3192 159
3193 159
3194 159
3195 159
3196 167
3197 167
3198 167
3199 167
3200 65
3201 65
3202 65
3203 65
3204 158
3205 158
3206 158
3207 158
3208 62
3209 62
3210 62
3211 62
3212 128
3213 128
3214 128
3215 128
3216 165
3217 165
3218 165
3219 165
3220 56
3221 56
3222 56
3223 56
3224 68
3225 68
3226 68
3227 68
3228 28
3229 28
3230 28
3231 28
3232 150
3233 150
3234 150
3235 150
3236 97
3237 97
3238 97
3239 97
3240 145
3241 145
3242 145
3243 145
3244 18
3245 18
3246 18
3247 18
3248 54
3249 54
3250 54
3251 54
3252 17
3253 17
3254 17
3255 17
3256 86
3257 86
3258 86
3259 86
3260 168
3261 168
3262 168
3263 168
3264 49
3265 49
3266 49
3267 49
3268 22
3269 22
3270 22
3271 22
3272 90
3273 90
3274 90
3275 90
3276 95
3277 95
3278 95
3279 95
3280 102
3281 102
3282 102
3283 102
3284 7
3285 7
3286 7
3287 7
3288 10
3289 10
3290 10
3291 10
3292 12
3293 12
3294 12
3295 12
3296 93
3297 93
3298 93
3299 93
3300 106
3301 106
3302 106
3303 106
3304 92
3305 92
3306 92
3307 92
3308 70
3309 70
3310 70
3311 70
3312 8
3313 8
3314 8
3315 8
3316 34
3317 34
3318 34
3319 34
3320 47
3321 47
3322 47
3323 47
3324 26
3325 26
3326 26
3327 26
3328 76
3329 76
3330 76
3331 76
3332 105
3333 105
3334 105
3335 105
3336 24
3337 24
3338 24
3339 24
3340 78
3341 78
3342 78
3343 78
3344 147
3345 147
3346 147
3347 147
3348 153
3349 153
3350 153
3351 153
3352 71
3353 71
3354 71
3355 71
3356 126
3357 126
3358 126
3359 126
3360 1
3361 1
3362 1
3363 1
3364 110
3365 110
3366 110
3367 110
3368 66
3369 66
3370 66
3371 66
3372 67
3373 67
3374 67
3375 67
3376 83
3377 83
3378 83
3379 83
3380 117
3381 117
3382 117
3383 117
3384 52
3385 52
3386 52
3387 52
3388 44
3389 44
3390 44
3391 44
3392 109
3393 109
3394 109
3395 109
3396 96
3397 96
3398 96
3399 96
3400 100
3401 100
3402 100
3403 100
3404 118
3405 118
3406 118
3407 118
3408 81
3409 81
3410 81
3411 81
3412 75
3413 75
3414 75
3415 75
3416 74
3417 74
3418 74
3419 74
3420 137
3421 137
3422 137
3423 137
3424 156
3425 156
3426 156
3427 156
3428 30
3429 30
3430 30
3431 30
3432 63
3433 63
3434 63
3435 63
3436 46
3437 46
3438 46
3439 46
3440 6
3441 6
3442 6
3443 6
3444 135
3445 135
3446 135
3447 21
3448 21
3449 21
3450 21
3451 41
3452 41
3453 41
3454 41
3455 43
3456 43
3457 43
3458 43
3459 27
3460 27
3461 27
3462 27
3463 101
3464 101
3465 101
3466 101
3467 169
3468 169
3469 169
3470 169
3471 103
3472 103
3473 103
3474 103
3475 131
3476 131
3477 131
3478 131
3479 32
3480 32
3481 32
3482 32
3483 163
3484 163
3485 163
3486 163
3487 94
3488 94
3489 94
3490 94
3491 173
3492 173
3493 173
3494 173
3495 3
3496 3
3497 3
3498 3
3499 164
3500 164
3501 164
3502 164
3503 132
3504 132
3505 132
3506 132
3507 19
3508 19
3509 19
3510 19
3511 170
3512 170
3513 170
3514 170
3515 162
3516 162
3517 162
3518 162
3519 53
3520 53
3521 53
3522 53
3523 144
3524 144
3525 144
3526 144
3527 42
3528 42
3529 42
3530 42
3531 39
3532 39
3533 39
3534 39
3535 107
3536 107
3537 107
3538 107
3539 99
3540 99
3541 99
3542 99
3543 16
3544 16
3545 16
3546 16
3547 51
3548 51
3549 51
3550 51
3551 161
3552 161
3553 161
3554 161
3555 98
3556 98
3557 98
3558 98
3559 122
3560 122
3561 122
3562 122
3563 166
3564 166
3565 166
3566 166
3567 15
3568 15
3569 15
3570 15
3571 157
3572 157
3573 157
3574 157
3575 112
3576 112
3577 112
3578 112
3579 13
3580 13
3581 13
3582 13
3583 155
3584 155
3585 155
3586 155
3587 9
3588 9
3589 9
3590 9
3591 152
3592 152
3593 152
3594 152
3595 88
3596 88
3597 88
3598 88
3599 40
3600 40
3601 40
3602 40
3603 29
3604 29
3605 29
3606 29
3607 80
3608 80
3609 80
3610 80
3611 116
3612 116
3613 116
3614 116
3615 154
3616 154
3617 154
3618 154
3619 45
3620 45
3621 45
3622 45
3623 129
3624 129
3625 129
3626 129
3627 151
3628 151
3629 151
3630 151
3631 130
3632 130
3633 130
3634 130
3635 38
3636 38
3637 38
3638 38
3639 11
3640 11
3641 11
3642 11
3643 61
3644 61
3645 61
3646 61
3647 36
3648 36
3649 36
3650 36
3651 148
3652 148
3653 148
3654 148
3655 174
3656 174
3657 174
3658 174
3659 55
3660 55
3661 55
3662 55
3663 142
3664 142
3665 142
3666 142
3667 124
3668 124
3669 124
3670 124
3671 14
3672 14
3673 14
3674 14
3675 57
3676 57
3677 57
3678 57
3679 159
3680 159
3681 159
3682 159
3683 167
3684 167
3685 167
3686 167
3687 65
3688 65
3689 65
3690 65
3691 158
3692 158
3693 158
3694 158
3695 62
3696 62
3697 62
3698 62
3699 128
3700 128
3701 128
3702 128
3703 165
3704 165
3705 165
3706 165
3707 56
3708 56
3709 56
3710 56
3711 68
3712 68
3713 68
3714 68
3715 28
3716 28
3717 28
3718 28
3719 150
3720 150
3721 150
3722 150
3723 97
3724 97
3725 97
3726 97
3727 145
3728 145
3729 145
3730 145
3731 18
3732 18
3733 18
3734 18
3735 54
3736 54
3737 54
3738 54
3739 17
3740 17
3741 17
3742 17
3743 86
3744 86
3745 86
3746 86
3747 168
3748 168
3749 168
3750 168
3751 49
3752 22
3753 22
3754 22
3755 22
3756 90
3757 90
3758 90
3759 90
3760 95
3761 102
3762 102
3763 102
3764 102
3765 7
3766 7
3767 7
3768 7
3769 10
3770 10
3771 10
3772 10
3773 12
3774 12
3775 12
3776 12
3777 93
3778 93
3779 93
3780 93
3781 106
3782 106
3783 106
3784 106
3785 92
3786 92
3787 92
3788 92
3789 70
3790 70
3791 70
3792 70
3793 8
3794 8
3795 8
3796 8
3797 34
3798 34
3799 34
3800 34
3801 47
3802 47
3803 47
3804 47
3805 26
3806 26
3807 26
3808 26
3809 76
3810 76
3811 76
3812 76
3813 105
3814 105
3815 105
3816 105
3817 24
3818 24
3819 24
3820 24
3821 78
3822 78
3823 78
3824 78
3825 147
3826 147
3827 147
3828 147
3829 153
3830 153
3831 153
3832 153
3833 71
3834 71
3835 71
3836 71
3837 126
3838 126
3839 126
3840 126
3841 1
3842 1
3843 1
3844 1
3845 110
3846 110
3847 110
3848 110
3849 66
3850 66
3851 66
3852 66
3853 67
3854 67
3855 67
3856 67
3857 83
3858 83
3859 83
3860 83
3861 117
3862 117
3863 117
3864 117
3865 52
3866 52
3867 44
3868 44
3869 44
3870 44
3871 109
3872 109
3873 109
3874 109
3875 96
3876 96
3877 96
3878 96
3879 100
3880 100
3881 118
3882 118
3883 118
3884 118
3885 81
3886 81
3887 81
3888 81
3889 75
3890 75
3891 75
3892 75
3893 74
3894 74
3895 74
3896 74
3897 137
3898 137
3899 137
3900 137
3901 156
3902 156
3903 156
3904 156
3905 30
3906 30
3907 30
3908 30
3909 63
3910 63
3911 63
3912 63
3913 46
3914 46
3915 46
3916 46
3917 6
3918 6
3919 6
3920 6
3921 21
3922 21
3923 21
3924 21
3925 41
3926 41
3927 41
3928 41
3929 43
3930 43
3931 43
3932 43
3933 27
3934 27
3935 27
3936 27
3937 101
3938 101
3939 101
3940 101
3941 169
3942 169
3943 169
3944 169
3945 103
3946 103
3947 103
3948 103
3949 131
3950 131
3951 131
3952 131
3953 32
3954 32
3955 32
3956 32
3957 163
3958 163
3959 163
3960 163
3961 94
3962 94
3963 94
3964 94
3965 173
3966 173
3967 173
3968 173
3969 3
3970 164
3971 164
3972 164
3973 164
3974 132
3975 132
3976 132
3977 132
3978 19
3979 19
3980 19
3981 170
3982 170
3983 170
3984 170
3985 162
3986 162
3987 162
3988 162
3989 53
3990 53
3991 53
3992 53
3993 144
3994 144
3995 144
3996 144
3997 42
3998 42
3999 42
4000 42
4001 39
4002 39
4003 39
4004 39
4005 107
4006 107
4007 107
4008 107
4009 99
4010 99
4011 99
4012 99
4013 16
4014 16
4015 16
4016 16
4017 51
4018 51
4019 51
4020 51
4021 161
4022 161
4023 98
4024 98
4025 98
4026 98
4027 122
4028 122
4029 122
4030 122
4031 166
4032 166
4033 166
4034 166
4035 15
4036 15
4037 15
4038 15
4039 157
4040 157
4041 157
4042 157
4043 112
4044 112
4045 112
4046 112
4047 13
4048 13
4049 13
4050 13
4051 155
4052 155
4053 155
4054 155
4055 9
4056 9
4057 9
4058 9
4059 152
4060 152
4061 152
4062 152
4063 88
4064 88
4065 88
4066 88
4067 40
4068 40
4069 40
4070 40
4071 29
4072 29
4073 29
4074 29
4075 80
4076 80
4077 80
4078 80
4079 116
4080 116
4081 116
4082 116
4083 154
4084 154
4085 154
4086 154
4087 45
4088 45
4089 45
4090 45
4091 129
4092 129
4093 129
4094 129
4095 151
4096 151
4097 151
4098 151
4099 130
4100 130
4101 130
4102 130
4103 38
4104 38
4105 38
4106 38
4107 11
4108 11
4109 11
4110 11
4111 61
4112 61
4113 61
4114 61
4115 36
4116 36
4117 36
4118 36
4119 148
4120 148
4121 148
4122 148
4123 174
4124 174
4125 174
4126 174
4127 55
4128 55
4129 55
4130 55
4131 142
4132 124
4133 14
4134 14
4135 14
4136 14
4137 57
4138 57
4139 57
4140 57
4141 159
4142 159
4143 159
4144 159
4145 167
4146 167
4147 167
4148 167
4149 65
4150 65
4151 65
4152 65
4153 158
4154 158
4155 158
4156 158
4157 62
4158 62
4159 62
4160 62
4161 128
4162 128
4163 128
4164 128
4165 165
4166 165
4167 165
4168 165
4169 56
4170 56
4171 56
4172 56
4173 68
4174 68
4175 28
4176 28
4177 28
4178 28
4179 150
4180 150
4181 150
4182 150
4183 97
4184 97
4185 97
4186 97
4187 145
4188 145
4189 145
4190 145
4191 18
4192 18
4193 18
4194 18
4195 54
4196 54
4197 54
4198 54
4199 17
4200 17
4201 17
4202 17
4203 168
4204 168
4205 168
4206 168
4207 22
4208 22
4209 22
4210 22
4211 90
4212 90
4213 90
4214 90
4215 102
4216 102
4217 102
4218 102
4219 7
4220 7
4221 7
4222 7
4223 12
4224 12
4225 12
4226 12
4227 93
4228 93
4229 93
4230 93
4231 106
4232 106
4233 106
4234 106
4235 92
4236 92
4237 92
4238 92
4239 70
4240 70
4241 70
4242 70
4243 8
4244 8
4245 34
4246 34
4247 34
4248 34
4249 47
4250 47
4251 47
4252 47
4253 26
4254 26
4255 26
4256 26
4257 76
4258 76
4259 76
4260 76
4261 105
4262 105
4263 105
4264 105
4265 24
4266 24
4267 24
4268 24
4269 78
4270 78
4271 78
4272 78
4273 147
4274 147
4275 147
4276 147
4277 153
4278 153
4279 153
4280 153
4281 71
4282 71
4283 71
4284 71
4285 126
4286 126
4287 126
4288 126
4289 1
4290 1
4291 1
4292 1
4293 110
4294 110
4295 110
4296 110
4297 66
4298 66
4299 66
4300 66
4301 67
4302 67
4303 67
4304 67
4305 83
4306 83
4307 83
4308 83
4309 117
4310 117
4311 117
4312 117
4313 44
4314 44
4315 44
4316 44
4317 109
4318 109
4319 109
4320 109
4321 96
4322 96
4323 96
4324 96
4325 118
4326 118
4327 118
4328 118
4329 81
4330 81
4331 81
4332 81
4333 75
4334 75
4335 75
4336 75
4337 74
4338 74
4339 74
4340 74
4341 137
4342 137
4343 137
4344 137
4345 156
4346 156
4347 156
4348 156
4349 30
4350 30
4351 30
4352 30
4353 63
4354 63
4355 63
4356 63
4357 46
4358 46
4359 46
4360 46
4361 6
4362 6
4363 6
4364 6
4365 21
4366 21
4367 21
4368 21
4369 41
4370 41
4371 41
4372 41
4373 43
4374 43
4375 43
4376 43
4377 27
4378 27
4379 27
4380 27
4381 101
4382 101
4383 101
4384 101
4385 169
4386 103
4387 103
4388 103
4389 103
4390 131
4391 131
4392 131
4393 131
4394 32
4395 32
4396 32
4397 32
4398 163
4399 163
4400 163
4401 163
4402 94
4403 94
4404 94
4405 94
4406 173
4407 173
4408 173
4409 173
4410 164
4411 164
4412 164
4413 164
4414 132
4415 132
4416 132
4417 132
4418 170
4419 170
4420 170
4421 170
4422 162
4423 162
4424 162
4425 162
4426 53
4427 53
4428 53
4429 53
4430 144
4431 144
4432 144
4433 144
4434 42
4435 42
4436 42
4437 39
4438 39
4439 39
4440 39
4441 107
4442 99
4443 16
4444 16
4445 16
4446 16
4447 51
4448 51
4449 51
4450 51
4451 98
4452 98
4453 98
4454 98
4455 122
4456 122
4457 122
4458 166
4459 166
4460 166
4461 166
4462 15
4463 15
4464 15
4465 15
4466 157
4467 157
4468 157
4469 157
4470 112
4471 112
4472 112
4473 112
4474 13
4475 13
4476 13
4477 13
4478 155
4479 155
4480 155
4481 155
4482 9
4483 9
4484 9
4485 9
4486 88
4487 88
4488 88
4489 88
4490 40
4491 40
4492 40
4493 40
4494 29
4495 29
4496 29
4497 29
4498 116
4499 116
4500 116
4501 116
4502 154
4503 154
4504 154
4505 154
4506 45
4507 45
4508 45
4509 45
4510 129
4511 129
4512 129
4513 129
4514 151
4515 151
4516 151
4517 151
4518 130
4519 130
4520 130
4521 130
4522 38
4523 38
4524 38
4525 38
4526 11
4527 11
4528 11
4529 11
4530 61
4531 61
4532 61
4533 61
4534 36
4535 148
4536 148
4537 148
4538 148
4539 174
4540 174
4541 174
4542 174
4543 55
4544 55
4545 55
4546 55
4547 14
4548 14
4549 14
4550 14
4551 57
4552 57
4553 57
4554 57
4555 159
4556 159
4557 159
4558 159
4559 65
4560 65
4561 65
4562 65
4563 158
4564 158
4565 158
4566 158
4567 62
4568 62
4569 62
4570 62
4571 128
4572 128
4573 128
4574 128
4575 165
4576 165
4577 165
4578 165
4579 56
4580 56
4581 56
4582 56
4583 28
4584 28
4585 28
4586 28
4587 150
4588 150
4589 150
4590 150
4591 97
4592 97
4593 97
4594 97
4595 145
4596 145
4597 145
4598 145
4599 18
4600 18
4601 18
4602 18
4603 54
4604 54
4605 54
4606 54
4607 17
4608 17
4609 17
4610 17
4611 168
4612 168
4613 168
4614 168
4615 22
4616 22
4617 22
4618 90
4619 90
4620 90
4621 90
4622 102
4623 102
4624 102
4625 102
4626 7
4627 7
4628 7
4629 7
4630 12
4631 12
4632 12
4633 93
4634 93
4635 93
4636 93
4637 106
4638 106
4639 106
4640 106
4641 92
4642 92
4643 92
4644 92
4645 70
4646 70
4647 70
4648 70
4649 34
4650 34
4651 34
4652 34
4653 47
4654 47
4655 47
4656 47
4657 26
4658 26
4659 26
4660 26
4661 76
4662 76
4663 76
4664 105
4665 105
4666 105
4667 105
4668 24
4669 24
4670 24
4671 24
4672 78
4673 78
4674 78
4675 78
4676 147
4677 147
4678 147
4679 147
4680 153
4681 153
4682 153
4683 153
4684 71
4685 71
4686 71
4687 71
4688 126
4689 126
4690 126
4691 1
4692 1
4693 110
4694 110
4695 110
4696 110
4697 66
4698 66
4699 66
4700 66
4701 67
4702 67
4703 67
4704 67
4705 83
4706 83
4707 83
4708 83
4709 117
4710 117
4711 117
4712 117
4713 44
4714 44
4715 44
4716 44
4717 109
4718 109
4719 109
4720 109
4721 96
4722 96
4723 96
4724 96
4725 118
4726 118
4727 118
4728 118
4729 81
4730 75
4731 75
4732 75
4733 75
4734 74
4735 74
4736 74
4737 74
4738 137
4739 137
4740 137
4741 137
4742 156
4743 156
4744 156
4745 156
4746 30
4747 30
4748 30
4749 30
4750 63
4751 63
4752 63
4753 63
4754 46
4755 46
4756 46
4757 46
4758 6
4759 6
4760 6
4761 6
4762 21
4763 21
4764 21
4765 21
4766 41
4767 41
4768 41
4769 41
4770 43
4771 43
4772 43
4773 43
4774 27
4775 27
4776 27
4777 27
4778 101
4779 101
4780 103
4781 103
4782 103
4783 103
4784 131
4785 131
4786 131
4787 131
4788 32
4789 32
4790 32
4791 32
4792 163
4793 163
4794 163
4795 163
4796 94
4797 94
4798 94
4799 94
4800 173
4801 164
4802 164
4803 164
4804 164
4805 132
4806 170
4807 170
4808 170
4809 162
4810 162
4811 162
4812 162
4813 53
4814 53
4815 53
4816 53
4817 144
4818 144
4819 144
4820 144
4821 39
4822 39
4823 39
4824 39
4825 16
4826 16
4827 16
4828 16
4829 98
4830 98
4831 98
4832 98
4833 166
4834 166
4835 166
4836 166
4837 15
4838 15
4839 15
4840 15
4841 157
4842 157
4843 157
4844 157
4845 112
4846 112
4847 112
4848 112
4849 13
4850 13
4851 13
4852 13
4853 155
4854 155
4855 155
4856 155
4857 9
4858 9
4859 9
4860 9
4861 88
4862 88
4863 88
4864 88
4865 40
4866 40
4867 40
4868 40
4869 29
4870 29
4871 29
4872 29
4873 116
4874 116
4875 116
4876 116
4877 154
4878 154
4879 154
4880 154
4881 45
4882 129
4883 151
4884 130
4885 130
4886 130
4887 130
4888 38
4889 38
4890 38
4891 38
4892 11
4893 11
4894 11
4895 11
4896 61
4897 61
4898 148
4899 148
4900 148
4901 148
4902 174
4903 174
4904 174
4905 174
4906 55
4907 14
4908 14
4909 14
4910 14
4911 57
4912 57
4913 57
4914 57
4915 159
4916 159
4917 159
4918 159
4919 65
4920 65
4921 65
4922 65
4923 158
4924 158
4925 158
4926 158
4927 62
4928 62
4929 62
4930 62
4931 128
4932 128
4933 128
4934 165
4935 165
4936 165
4937 165
4938 56
4939 56
4940 56
4941 56
4942 28
4943 28
4944 28
4945 28
4946 150
4947 150
4948 150
4949 150
4950 97
4951 97
4952 97
4953 97
4954 145
4955 145
4956 145
4957 145
4958 18
4959 18
4960 18
4961 18
4962 54
4963 54
4964 54
4965 54
4966 17
4967 17
4968 17
4969 17
4970 168
4971 168
4972 168
4973 168
4974 90
4975 90
4976 90
4977 90
4978 102
4979 102
4980 102
4981 102
4982 7
4983 7
4984 7
4985 93
4986 93
4987 93
4988 93
4989 106
4990 106
4991 106
4992 106
4993 92
4994 92
4995 92
4996 92
4997 70
4998 70
4999 70
5000 70
5001 34
5002 34
5003 34
5004 34
5005 47
5006 47
5007 47
5008 26
5009 26
5010 26
5011 26
5012 105
5013 105
5014 105
5015 105
5016 24
5017 24
5018 24
5019 24
5020 78
5021 78
5022 147
5023 147
5024 147
5025 147
5026 153
5027 153
5028 153
5029 153
5030 71
5031 71
5032 71
5033 71
5034 110
5035 110
5036 110
5037 110
5038 66
5039 66
5040 66
5041 66
5042 67
5043 67
5044 83
5045 83
5046 83
5047 83
5048 117
5049 117
5050 117
5051 117
5052 44
5053 44
5054 44
5055 44
5056 109
5057 109
5058 109
5059 109
5060 96
5061 96
5062 96
5063 96
5064 118
5065 118
5066 118
5067 118
5068 75
5069 75
5070 75
5071 75
5072 74
5073 74
5074 74
5075 74
5076 137
5077 137
5078 137
5079 137
5080 156
5081 156
5082 156
5083 156
5084 30
5085 30
5086 30
5087 30
5088 63
5089 63
5090 63
5091 63
5092 46
5093 46
5094 46
5095 46
5096 6
5097 6
5098 6
5099 6
5100 21
5101 21
5102 21
5103 21
5104 41
5105 41
5106 41
5107 41
5108 43
5109 43
5110 43
5111 43
5112 27
5113 27
5114 27
5115 27
5116 103
5117 103
5118 103
5119 103
5120 131
5121 131
5122 131
5123 131
5124 32
5125 32
5126 32
5127 32
5128 163
5129 163
5130 163
5131 163
5132 94
5133 94
5134 94
5135 94
5136 164
5137 164
5138 164
5139 164
5140 162
5141 162
5142 162
5143 162
5144 53
5145 53
5146 53
5147 53
5148 39
5149 39
5150 39
5151 39
5152 16
5153 16
5154 16
5155 16
5156 98
5157 98
5158 98
5159 98
5160 166
5161 166
5162 166
5163 166
5164 15
5165 15
5166 15
5167 15
5168 157
5169 157
5170 157
5171 157
5172 112
5173 112
5174 112
5175 112
5176 13
5177 13
5178 13
5179 13
5180 155
5181 155
5182 155
5183 155
5184 9
5185 9
5186 9
5187 9
5188 88
5189 88
5190 88
5191 88
5192 40
5193 40
5194 40
5195 40
5196 29
5197 29
5198 29
5199 29
5200 116
5201 116
5202 116
5203 116
5204 154
5205 154
5206 154
5207 154
5208 130
5209 130
5210 130
5211 130
5212 38
5213 38
5214 38
5215 38
5216 11
5217 11
5218 11
5219 11
5220 148
5221 148
5222 148
5223 148
5224 174
5225 174
5226 174
5227 174
5228 14
5229 14
5230 14
5231 14
5232 57
5233 57
5234 57
5235 57
5236 159
5237 159
5238 159
5239 159
5240 65
5241 65
5242 65
5243 65
5244 158
5245 158
5246 158
5247 158
5248 62
5249 62
5250 62
5251 165
5252 165
5253 165
5254 165
5255 56
5256 56
5257 56
5258 56
5259 28
5260 28
5261 28
5262 28
5263 150
5264 150
5265 150
5266 150
5267 97
5268 97
5269 97
5270 97
5271 145
5272 145
5273 145
5274 145
5275 18
5276 54
5277 54
5278 17
5279 17
5280 17
5281 17
5282 168
5283 168
5284 168
5285 168
5286 90
5287 90
5288 90
5289 90
5290 102
5291 102
5292 102
5293 102
5294 93
5295 93
5296 93
5297 93
5298 106
5299 106
5300 106
5301 106
5302 92
5303 92
5304 92
5305 92
5306 70
5307 70
5308 70
5309 70
5310 34
5311 34
5312 34
5313 34
5314 26
5315 26
5316 26
5317 26
5318 105
5319 105
5320 105
5321 105
5322 24
5323 24
5324 24
5325 24
5326 147
5327 147
5328 153
5329 153
5330 153
5331 153
5332 71
5333 71
5334 71
5335 71
5336 110
5337 110
5338 110
5339 110
5340 66
5341 66
5342 66
5343 66
5344 83
5345 83
5346 83
5347 83
5348 117
5349 117
5350 117
5351 117
5352 109
5353 109
5354 109
5355 109
5356 96
5357 96
5358 96
5359 75
5360 75
5361 75
5362 75
5363 74
5364 74
5365 74
5366 74
5367 137
5368 137
5369 137
5370 137
5371 156
5372 156
5373 30
5374 30
5375 30
5376 30
5377 63
5378 63
5379 63
5380 63
5381 46
5382 46
5383 6
5384 6
5385 6
5386 6
5387 21
5388 21
5389 21
5390 21
5391 41
5392 41
5393 41
5394 41
5395 43
5396 43
5397 43
5398 43
5399 27
5400 27
5401 27
5402 27
5403 103
5404 103
5405 103
5406 103
5407 131
5408 131
5409 131
5410 131
5411 32
5412 32
5413 32
5414 32
5415 163
5416 163
5417 163
5418 163
5419 94
5420 94
5421 94
5422 94
5423 164
5424 164
5425 164
5426 164
5427 53
5428 53
5429 53
5430 53
5431 16
5432 98
5433 98
5434 98
5435 98
5436 166
5437 166
5438 166
5439 166
5440 15
5441 15
5442 15
5443 15
5444 157
5445 157
5446 157
5447 157
5448 112
5449 112
5450 112
5451 112
5452 13
5453 13
5454 13
5455 13
5456 155
5457 155
5458 155
5459 155
5460 88
5461 88
5462 88
5463 88
5464 40
5465 40
5466 40
5467 40
5468 29
5469 29
5470 29
5471 29
5472 116
5473 116
5474 116
5475 116
5476 154
5477 154
5478 154
5479 154
5480 130
5481 130
5482 130
5483 130
5484 38
5485 38
5486 38
5487 38
5488 11
5489 11
5490 11
5491 11
5492 148
5493 148
5494 174
5495 174
5496 174
5497 174
5498 14
5499 14
5500 14
5501 14
5502 57
5503 57
5504 57
5505 57
5506 159
5507 159
5508 159
5509 159
5510 65
5511 158
5512 158
5513 158
5514 158
5515 165
5516 165
5517 165
5518 165
5519 56
5520 56
5521 56
5522 56
5523 150
5524 150
5525 150
5526 150
5527 97
5528 97
5529 97
5530 97
5531 145
5532 145
5533 145
5534 145
5535 17
5536 17
5537 17
5538 17
5539 168
5540 168
5541 168
5542 168
5543 90
5544 90
5545 90
5546 90
5547 102
5548 102
5549 102
5550 102
5551 93
5552 93
5553 93
5554 93
5555 106
5556 106
5557 106
5558 106
5559 92
5560 92
5561 92
5562 92
5563 70
5564 70
5565 70
5566 70
5567 34
5568 34
5569 34
5570 34
5571 26
5572 26
5573 26
5574 26
5575 105
5576 105
5577 105
5578 105
5579 24
5580 24
5581 24
5582 24
5583 153
5584 71
5585 71
5586 71
5587 71
5588 110
5589 110
5590 110
5591 110
5592 66
5593 66
5594 66
5595 66
5596 83
5597 83
5598 83
5599 83
5600 117
5601 117
5602 109
5603 109
5604 109
5605 109
5606 75
5607 75
5608 75
5609 74
5610 74
5611 74
5612 74
5613 137
5614 137
5615 137
5616 137
5617 30
5618 30
5619 30
5620 30
5621 63
5622 63
5623 63
5624 6
5625 6
5626 6
5627 6
5628 21
5629 21
5630 21
5631 21
5632 41
5633 41
5634 41
5635 41
5636 27
5637 27
5638 27
5639 27
5640 103
5641 103
5642 103
5643 103
5644 131
5645 32
5646 32
5647 32
5648 32
5649 163
5650 163
5651 163
5652 163
5653 94
5654 94
5655 94
5656 94
5657 164
5658 164
5659 164
5660 164
5661 53
5662 53
5663 53
5664 53
5665 166
5666 15
5667 15
5668 15
5669 15
5670 157
5671 157
5672 157
5673 157
5674 112
5675 13
5676 13
5677 13
5678 13
5679 155
5680 155
5681 155
5682 155
5683 88
5684 88
5685 88
5686 40
5687 40
5688 40
5689 40
5690 29
5691 29
5692 29
5693 29
5694 116
5695 116
5696 116
5697 116
5698 154
5699 154
5700 130
5701 130
5702 130
5703 130
5704 38
5705 38
5706 38
5707 38
5708 11
5709 11
5710 174
5711 174
5712 174
5713 174
5714 14
5715 14
5716 14
5717 14
5718 57
5719 57
5720 57
5721 57
5722 159
5723 159
5724 159
5725 159
5726 165
5727 165
5728 165
5729 165
5730 56
5731 56
5732 56
5733 150
5734 150
5735 150
5736 150
5737 145
5738 145
5739 145
5740 145
5741 17
5742 17
5743 17
5744 17
5745 168
5746 168
5747 168
5748 102
5749 93
5750 93
5751 106
5752 106
5753 106
5754 106
5755 92
5756 92
5757 92
5758 92
5759 70
5760 70
5761 70
5762 70
5763 34
5764 34
5765 34
5766 34
5767 26
5768 26
5769 26
5770 26
5771 105
5772 105
5773 105
5774 105
5775 24
5776 24
5777 24
5778 24
5779 71
5780 71
5781 71
5782 110
5783 110
5784 110
5785 110
5786 66
5787 66
5788 66
5789 83
5790 83
5791 83
5792 109
5793 109
5794 109
5795 109
5796 74
5797 74
5798 74
5799 74
5800 137
5801 137
5802 137
5803 30
5804 30
5805 30
5806 30
5807 6
5808 6
5809 6
5810 6
5811 21
5812 21
5813 21
5814 21
5815 41
5816 41
5817 41
5818 41
5819 27
5820 27
5821 27
5822 27
5823 103
5824 103
5825 103
5826 103
5827 32
5828 32
5829 32
5830 163
5831 163
5832 163
5833 163
5834 94
5835 94
5836 94
5837 94
5838 164
5839 164
5840 53
5841 53
5842 53
5843 53
5844 15
5845 15
5846 15
5847 15
5848 157
5849 157
5850 157
5851 157
5852 13
5853 13
5854 13
5855 13
5856 155
5857 155
5858 155
5859 155
5860 40
5861 40
5862 40
5863 40
5864 29
5865 29
5866 29
5867 29
5868 116
5869 116
5870 116
5871 116
5872 130
5873 130
5874 130
5875 130
5876 38
5877 38
5878 38
5879 38
5880 174
5881 174
5882 174
5883 174
5884 57
5885 57
5886 57
5887 57
5888 159
5889 165
5890 165
5891 165
5892 150
5893 150
5894 150
5895 150
5896 145
5897 145
5898 145
5899 145
5900 17
5901 17
5902 17
5903 17
5904 106
5905 106
5906 92
5907 92
5908 70
5909 70
5910 70
5911 70
5912 34
5913 34
5914 34
5915 34
5916 26
5917 26
5918 26
5919 26
5920 105
5921 105
5922 105
5923 105
5924 24
5925 24
5926 24
5927 24
5928 110
5929 110
5930 109
5931 109
5932 109
5933 109
5934 74
5935 74
5936 74
5937 74
5938 6
5939 6
5940 6
5941 6
5942 21
5943 21
5944 21
5945 21
5946 41
5947 41
5948 41
5949 27
5950 27
5951 27
5952 27
5953 103
5954 103
5955 103
5956 103
5957 163
5958 163
5959 163
5960 163
5961 94
5962 94
5963 94
5964 94
5965 53
5966 53
5967 53
5968 53
5969 15
5970 15
5971 15
5972 15
5973 157
5974 157
5975 157
5976 157
5977 13
5978 13
5979 13
5980 13
5981 155
5982 40
5983 40
5984 40
5985 40
5986 29
5987 29
5988 29
5989 29
5990 116
5991 130
5992 130
5993 130
5994 130
5995 38
5996 38
5997 38
5998 38
5999 174
6000 174
6001 174
6002 174
6003 57
6004 57
6005 57
6006 57
6007 150
6008 150
6009 150
6010 150
6011 145
6012 145
6013 145
6014 145
6015 17
6016 17
6017 17
6018 17
6019 34
6020 34
6021 34
6022 34
6023 26
6024 26
6025 26
6026 26
6027 105
6028 105
6029 105
6030 105
6031 24
6032 24
6033 24
6034 24
6035 109
6036 109
6037 109
6038 109
6039 74
6040 74
6041 74
6042 74
6043 6
6044 6
6045 6
6046 6
6047 21
6048 21
6049 21
6050 21
6051 27
6052 27
6053 27
6054 27
6055 103
6056 103
6057 103
6058 103
6059 163
6060 163
6061 163
6062 163
6063 94
6064 94
6065 94
6066 94
6067 53
6068 53
6069 53
6070 53
6071 15
6072 15
6073 15
6074 15
6075 157
6076 157
6077 157
6078 157
6079 13
6080 13
6081 13
6082 13
6083 40
6084 40
6085 40
6086 40
6087 29
6088 29
6089 29
6090 29
6091 130
6092 130
6093 130
6094 130
6095 38
6096 38
6097 38
6098 38
6099 174
6100 174
6101 174
6102 174
6103 57
6104 57
6105 57
6106 57
6107 150
6108 150
6109 150
6110 150
6111 145
6112 145
6113 145
6114 145
6115 17
6116 17
6117 17
6118 17
6119 34
6120 34
6121 34
6122 34
6123 26
6124 26
6125 26
6126 26
6127 105
6128 105
6129 105
6130 105
6131 24
6132 24
6133 24
6134 24
6135 109
6136 109
6137 109
6138 109
6139 74
6140 74
6141 74
6142 74
6143 6
6144 6
6145 6
6146 6
6147 21
6148 21
6149 21
6150 21
6151 27
6152 27
6153 27
6154 27
6155 103
6156 103
6157 103
6158 103
6159 163
6160 163
6161 163
6162 163
6163 94
6164 94
6165 94
6166 94
6167 53
6168 53
6169 53
6170 53
6171 15
6172 15
6173 15
6174 15
6175 157
6176 157
6177 157
6178 157
6179 13
6180 13
6181 13
6182 13
6183 40
6184 40
6185 40
6186 40
6187 29
6188 29
6189 29
6190 29
6191 130
6192 130
6193 130
6194 130
6195 38
6196 38
6197 38
6198 38
6199 174
6200 174
6201 174
6202 174
6203 57
6204 57
6205 57
6206 57
6207 150
6208 150
6209 150
6210 150
6211 145
6212 145
6213 145
6214 145
6215 17
6216 17
6217 17
6218 17
6219 34
6220 34
6221 34
6222 34
6223 26
6224 26
6225 26
6226 26
6227 105
6228 105
6229 105
6230 105
6231 24
6232 24
6233 24
6234 24
6235 109
6236 109
6237 109
6238 109
6239 74
6240 74
6241 74
6242 74
6243 6
6244 6
6245 6
6246 6
6247 21
6248 21
6249 21
6250 21
6251 27
6252 27
6253 27
6254 27
6255 103
6256 103
6257 103
6258 103
6259 163
6260 163
6261 163
6262 163
6263 94
6264 94
6265 94
6266 94
6267 53
6268 53
6269 53
6270 53
6271 15
6272 15
6273 15
6274 15
6275 157
6276 157
6277 157
6278 157
6279 13
6280 13
6281 13
6282 13
6283 40
6284 40
6285 40
6286 40
6287 29
6288 29
6289 29
6290 29
6291 130
6292 130
6293 130
6294 130
6295 38
6296 38
6297 38
6298 38
6299 174
6300 174
6301 174
6302 174
6303 57
6304 57
6305 57
6306 57
6307 150
6308 150
6309 150
6310 150
6311 145
6312 145
6313 145
6314 145
6315 17
6316 17
6317 17
6318 17
6319 34
6320 34
6321 34
6322 34
6323 26
6324 26
6325 26
6326 26
6327 105
6328 105
6329 105
6330 105
6331 24
6332 24
6333 24
6334 24
6335 109
6336 109
6337 109
6338 109
6339 74
6340 74
6341 74
6342 74
6343 6
6344 6
6345 6
6346 6
6347 21
6348 21
6349 21
6350 21
6351 27
6352 27
6353 27
6354 27
6355 103
6356 103
6357 103
6358 103
6359 163
6360 163
6361 163
6362 163
6363 94
6364 94
6365 94
6366 94
6367 53
6368 53
6369 53
6370 53
6371 15
6372 15
6373 15
6374 15
6375 157
6376 157
6377 157
6378 157
6379 13
6380 13
6381 13
6382 13
6383 40
6384 40
6385 40
6386 40
6387 29
6388 29
6389 29
6390 29
6391 130
6392 130
6393 130
6394 130
6395 38
6396 38
6397 38
6398 38
6399 174
6400 174
6401 174
6402 174
6403 57
6404 57
6405 57
6406 57
6407 150
6408 150
6409 150
6410 150
6411 145
6412 145
6413 145
6414 145
6415 17
6416 17
6417 17
6418 17
6419 34
6420 34
6421 34
6422 34
6423 26
6424 26
6425 26
6426 26
6427 105
6428 105
6429 105
6430 105
6431 24
6432 24
6433 24
6434 24
6435 109
6436 109
6437 109
6438 109
6439 74
6440 74
6441 74
6442 74
6443 6
6444 6
6445 6
6446 6
6447 21
6448 21
6449 21
6450 21
6451 27
6452 27
6453 27
6454 27
6455 103
6456 103
6457 103
6458 103
6459 163
6460 163
6461 163
6462 163
6463 94
6464 94
6465 94
6466 94
6467 53
6468 53
6469 53
6470 53
6471 15
6472 15
6473 15
6474 15
6475 157
6476 157
6477 157
6478 157
6479 13
6480 13
6481 13
6482 13
6483 40
6484 40
6485 40
6486 40
6487 29
6488 29
6489 29
6490 29
6491 130
6492 130
6493 130
6494 130
6495 38
6496 38
6497 38
6498 38
6499 174
6500 174
6501 174
6502 174
6503 57
6504 57
6505 57
6506 57
6507 150
6508 150
6509 150
6510 150
6511 145
6512 145
6513 145
6514 145
6515 17
6516 17
6517 17
6518 17
6519 34
6520 34
6521 34
6522 34
6523 26
6524 26
6525 26
6526 26
6527 105
6528 105
6529 105
6530 105
6531 24
6532 24
6533 24
6534 24
6535 109
6536 109
6537 109
6538 109
6539 74
6540 74
6541 74
6542 74
6543 6
6544 6
6545 6
6546 6
6547 21
6548 21
6549 21
6550 21
6551 27
6552 27
6553 27
6554 27
6555 103
6556 103
6557 103
6558 103
6559 163
6560 163
6561 163
6562 163
6563 94
6564 94
6565 94
6566 94
6567 53
6568 53
6569 53
6570 53
6571 15
6572 15
6573 15
6574 15
6575 157
6576 157
6577 157
6578 157
6579 13
6580 13
6581 13
6582 13
6583 40
6584 40
6585 40
6586 40
6587 29
6588 29
6589 29
6590 29
6591 130
6592 130
6593 130
6594 130
6595 38
6596 38
6597 38
6598 38
6599 174
6600 174
6601 174
6602 174
6603 57
6604 57
6605 57
6606 57
6607 150
6608 150
6609 150
6610 150
6611 145
6612 145
6613 145
6614 145
6615 17
6616 17
6617 17
6618 17
6619 34
6620 34
6621 34
6622 34
6623 26
6624 26
6625 26
6626 26
6627 105
6628 105
6629 105
6630 105
6631 24
6632 24
6633 24
6634 24
6635 109
6636 109
6637 109
6638 109
6639 74
6640 74
6641 74
6642 74
6643 6
6644 6
6645 6
6646 6
6647 21
6648 21
6649 21
6650 21
6651 27
6652 27
6653 27
6654 27
6655 103
6656 103
6657 103
6658 103
6659 163
6660 163
6661 163
6662 163
6663 94
6664 94
6665 94
6666 94
6667 53
6668 53
6669 53
6670 53
6671 15
6672 15
6673 15
6674 15
6675 157
6676 157
6677 157
6678 157
6679 13
6680 13
6681 13
6682 13
6683 40
6684 40
6685 40
6686 40
6687 29
6688 29
6689 29
6690 29
6691 130
6692 130
6693 130
6694 130
6695 38
6696 38
6697 38
6698 38
6699 174
6700 174
6701 174
6702 174
6703 57
6704 57
6705 57
6706 57
6707 150
6708 150
6709 150
6710 150
6711 145
6712 145
6713 145
6714 145
6715 17
6716 17
6717 17
6718 17
6719 34
6720 34
6721 34
6722 34
6723 26
6724 26
6725 26
6726 26
6727 105
6728 105
6729 105
6730 105
6731 24
6732 24
6733 24
6734 24
6735 109
6736 109
6737 109
6738 109
6739 74
6740 74
6741 74
6742 74
6743 6
6744 6
6745 6
6746 6
6747 21
6748 21
6749 21
6750 21
6751 27
6752 27
6753 27
6754 27
6755 103
6756 103
6757 103
6758 103
6759 163
6760 163
6761 163
6762 163
6763 94
6764 94
6765 94
6766 94
6767 53
6768 53
6769 53
6770 53
6771 15
6772 15
6773 15
6774 15
6775 157
6776 157
6777 157
6778 157
6779 13
6780 13
6781 13
6782 13
6783 40
6784 40
6785 40
6786 40
6787 29
6788 29
6789 29
6790 29
6791 130
6792 130
6793 130
6794 130
6795 38
6796 38
6797 38
6798 38
6799 174
6800 174
6801 174
6802 174
6803 57
6804 57
6805 57
6806 57
6807 150
6808 150
6809 150
6810 150
6811 145
6812 145
6813 145
6814 145
6815 17
6816 17
6817 17
6818 17
6819 34
6820 34
6821 34
6822 34
6823 26
6824 26
6825 26
6826 26
6827 105
6828 105
6829 105
6830 105
6831 24
6832 24
6833 24
6834 24
6835 109
6836 109
6837 109
6838 109
6839 74
6840 74
6841 74
6842 74
6843 6
6844 6
6845 6
6846 6
6847 21
6848 21
6849 21
6850 21
6851 27
6852 27
6853 27
6854 27
6855 103
6856 103
6857 103
6858 103
6859 163
6860 163
6861 163
6862 163
6863 94
6864 94
6865 94
6866 94
6867 53
6868 53
6869 53
6870 53
6871 15
6872 15
6873 15
6874 15
6875 157
6876 157
6877 157
6878 157
6879 13
6880 13
6881 13
6882 13
6883 40
6884 40
6885 40
6886 40
6887 29
6888 29
6889 29
6890 29
6891 130
6892 130
6893 130
6894 130
6895 38
6896 38
6897 38
6898 38
6899 174
6900 174
6901 174
6902 174
6903 57
6904 57
6905 57
6906 57
6907 150
6908 150
6909 150
6910 150
6911 145
6912 145
6913 145
6914 145
6915 17
6916 17
6917 17
6918 17
6919 34
6920 34
6921 34
6922 34
6923 26
6924 26
6925 26
6926 26
6927 105
6928 105
6929 105
6930 105
6931 24
6932 24
6933 24
6934 24
6935 109
6936 109
6937 109
6938 109
6939 74
6940 74
6941 74
6942 74
6943 6
6944 6
6945 6
6946 6
6947 21
6948 21
6949 21
6950 21
6951 27
6952 27
6953 27
6954 27
6955 103
6956 103
6957 103
6958 103
6959 163
6960 163
6961 163
6962 163
6963 94
6964 94
6965 94
6966 94
6967 53
6968 53
6969 53
6970 53
6971 15
6972 15
6973 15
6974 15
6975 157
6976 157
6977 157
6978 157
6979 13
6980 13
6981 13
6982 13
6983 40
6984 40
6985 40
6986 40
6987 29
6988 29
6989 29
6990 29
6991 130
6992 130
6993 130
6994 130
6995 38
6996 38
6997 38
6998 38
6999 174
7000 174
7001 174
7002 174
7003 57
7004 57
7005 57
7006 57
7007 150
7008 150
7009 150
7010 150
7011 145
7012 145
7013 145
7014 145
7015 17
7016 17
7017 17
7018 17
7019 34
7020 34
7021 34
7022 34
7023 26
7024 26
7025 26
7026 26
7027 105
7028 105
7029 105
7030 105
7031 24
7032 24
7033 24
7034 24
7035 109
7036 109
7037 109
7038 109
7039 74
7040 74
7041 74
7042 74
7043 6
7044 6
7045 6
7046 6
7047 21
7048 21
7049 21
7050 21
7051 27
7052 27
7053 27
7054 27
7055 103
7056 103
7057 103
7058 103
7059 163
7060 163
7061 163
7062 163
7063 94
7064 94
7065 94
7066 94
7067 53
7068 53
7069 53
7070 53
7071 15
7072 15
7073 15
7074 15
7075 157
7076 157
7077 157
7078 157
7079 13
7080 13
7081 13
7082 13
7083 40
7084 40
7085 40
7086 40
7087 29
7088 29
7089 29
7090 29
7091 130
7092 130
7093 130
7094 130
7095 38
7096 38
7097 38
7098 38
7099 174
7100 174
7101 174
7102 174
7103 57
7104 57
7105 57
7106 57
7107 150
7108 150
7109 150
7110 150
7111 145
7112 145
7113 145
7114 145
7115 17
7116 17
7117 17
7118 17
7119 34
7120 34
7121 34
7122 34
7123 26
7124 26
7125 26
7126 26
7127 105
7128 105
7129 105
7130 105
7131 24
7132 24
7133 24
7134 24
7135 109
7136 109
7137 109
7138 109
7139 74
7140 74
7141 74
7142 74
7143 6
7144 6
7145 6
7146 6
7147 21
7148 21
7149 21
7150 21
7151 27
7152 27
7153 27
7154 27
7155 103
7156 103
7157 103
7158 103
7159 163
7160 163
7161 163
7162 163
7163 94
7164 94
7165 94
7166 94
7167 53
7168 53
7169 53
7170 53
7171 15
7172 15
7173 15
7174 15
7175 157
7176 157
7177 157
7178 157
7179 13
7180 13
7181 13
7182 13
7183 40
7184 40
7185 40
7186 40
7187 29
7188 29
7189 29
7190 29
7191 130
7192 130
7193 130
7194 130
7195 38
7196 38
7197 38
7198 38
7199 174
7200 174
7201 174
7202 174
7203 57
7204 57
7205 57
7206 57
7207 150
7208 150
7209 150
7210 150
7211 145
7212 145
7213 145
7214 145
7215 17
7216 17
7217 17
7218 17
7219 34
7220 34
7221 34
7222 34
7223 26
7224 26
7225 26
7226 26
7227 105
7228 105
7229 105
7230 105
7231 24
7232 24
7233 24
7234 24
7235 109
7236 109
7237 109
7238 109
7239 74
7240 74
7241 74
7242 74
7243 6
7244 6
7245 6
7246 6
7247 21
7248 21
7249 21
7250 21
7251 27
7252 27
7253 27
7254 27
7255 103
7256 103
7257 103
7258 103
7259 163
7260 163
7261 163
7262 163
7263 94
7264 94
7265 94
7266 94
7267 53
7268 53
7269 53
7270 53
7271 15
7272 15
7273 15
7274 15
7275 157
7276 157
7277 157
7278 157
7279 13
7280 13
7281 13
7282 13
7283 40
7284 40
7285 40
7286 40
7287 29
7288 29
7289 29
7290 29
7291 130
7292 130
7293 130
7294 130
7295 38
7296 38
7297 38
7298 38
7299 174
7300 174
7301 174
7302 174
7303 57
7304 57
7305 57
7306 57
7307 150
7308 150
7309 150
7310 150
7311 145
7312 145
7313 145
7314 145
7315 17
7316 17
7317 17
7318 17
7319 34
7320 34
7321 34
7322 34
7323 26
7324 26
7325 26
7326 26
7327 105
7328 105
7329 105
7330 105
7331 24
7332 24
7333 24
7334 24
7335 109
7336 109
7337 109
7338 109
7339 74
7340 74
7341 74
7342 74
7343 6
7344 6
7345 6
7346 6
7347 21
7348 21
7349 21
7350 21
7351 27
7352 27
7353 27
7354 27
7355 103
7356 103
7357 103
7358 103
7359 163
7360 163
7361 163
7362 163
7363 94
7364 94
7365 94
7366 94
7367 53
7368 53
7369 53
7370 53
7371 15
7372 15
7373 15
7374 15
7375 157
7376 157
7377 157
7378 157
7379 13
7380 13
7381 13
7382 13
7383 40
7384 40
7385 40
7386 40
7387 29
7388 29
7389 29
7390 29
7391 130
7392 130
7393 130
7394 130
7395 38
7396 38
7397 38
7398 38
7399 174
7400 174
7401 174
7402 174
7403 57
7404 57
7405 57
7406 57
7407 150
7408 150
7409 150
7410 150
7411 145
7412 145
7413 145
7414 145
7415 17
7416 17
7417 17
7418 17
7419 34
7420 34
7421 34
7422 34
7423 26
7424 26
7425 26
7426 26
7427 105
7428 105
7429 105
7430 105
7431 24
7432 24
7433 24
7434 24
7435 109
7436 109
7437 109
7438 109
7439 74
7440 74
7441 74
7442 74
7443 6
7444 6
7445 6
7446 6
7447 21
7448 21
7449 21
7450 21
7451 27
7452 27
7453 27
7454 27
7455 103
7456 103
7457 103
7458 103
7459 163
7460 163
7461 163
7462 163
7463 94
7464 94
7465 94
7466 94
7467 53
7468 53
7469 53
7470 53
7471 15
7472 15
7473 15
7474 15
7475 157
7476 157
7477 157
7478 157
7479 13
7480 13
7481 13
7482 13
7483 40
7484 40
7485 40
7486 40
7487 29
7488 29
7489 29
7490 29
7491 130
7492 130
7493 130
7494 130
7495 38
7496 38
7497 38
7498 38
7499 174
7500 174
7501 174
7502 174
7503 57
7504 57
7505 57
7506 57
7507 150
7508 150
7509 150
7510 150
7511 145
7512 145
7513 145
7514 145
7515 17
7516 17
7517 17
7518 17
7519 34
7520 34
7521 34
7522 34
7523 26
7524 26
7525 26
7526 26
7527 105
7528 105
7529 105
7530 105
7531 24
7532 24
7533 24
7534 24
7535 109
7536 109
7537 109
7538 109
7539 74
7540 74
7541 74
7542 74
7543 6
7544 6
7545 6
7546 6
7547 21
7548 21
7549 21
7550 21
7551 27
7552 27
7553 27
7554 27
7555 103
7556 103
7557 103
7558 103
7559 163
7560 163
7561 163
7562 163
7563 94
7564 94
7565 94
7566 94
7567 53
7568 53
7569 53
7570 53
7571 15
7572 15
7573 15
7574 15
7575 157
7576 157
7577 157
7578 157
7579 13
7580 13
7581 13
7582 13
7583 40
7584 40
7585 40
7586 40
7587 29
7588 29
7589 29
7590 29
7591 130
7592 130
7593 130
7594 130
7595 38
7596 38
7597 38
7598 38
7599 174
7600 174
7601 174
7602 174
7603 57
7604 57
7605 57
7606 57
7607 150
7608 150
7609 150
7610 150
7611 145
7612 145
7613 145
7614 145
7615 17
7616 17
7617 17
7618 17
7619 34
7620 34
7621 34
7622 34
7623 26
7624 26
7625 26
7626 26
7627 105
7628 105
7629 105
7630 105
7631 24
7632 24
7633 24
7634 24
7635 109
7636 109
7637 109
7638 109
7639 74
7640 74
7641 74
7642 74
7643 6
7644 6
7645 6
7646 6
7647 21
7648 21
7649 21
7650 21
7651 27
7652 27
7653 27
7654 27
7655 103
7656 103
7657 103
7658 103
7659 163
7660 163
7661 163
7662 163
7663 94
7664 94
7665 94
7666 94
7667 53
7668 53
7669 53
7670 53
7671 15
7672 15
7673 15
7674 15
7675 157
7676 157
7677 157
7678 157
7679 13
7680 13
7681 13
7682 13
7683 40
7684 40
7685 40
7686 40
7687 29
7688 29
7689 29
7690 29
7691 130
7692 130
7693 130
7694 130
7695 38
7696 38
7697 38
7698 38
7699 174
7700 174
7701 174
7702 174
7703 57
7704 57
7705 57
7706 57
7707 150
7708 150
7709 150
7710 150
7711 145
7712 145
7713 145
7714 145
7715 17
7716 17
7717 17
7718 17
7719 34
7720 34
7721 34
7722 34
7723 26
7724 26
7725 26
7726 26
7727 105
7728 105
7729 105
7730 105
7731 24
7732 24
7733 24
7734 24
7735 109
7736 109
7737 109
7738 109
7739 74
7740 74
7741 74
7742 74
7743 6
7744 6
7745 6
7746 6
7747 21
7748 21
7749 21
7750 21
7751 27
7752 27
7753 27
7754 27
7755 103
7756 103
7757 103
7758 103
7759 163
7760 163
7761 163
7762 163
7763 94
7764 94
7765 94
7766 94
7767 53
7768 53
7769 53
7770 53
7771 15
7772 15
7773 15
7774 15
7775 157
7776 157
7777 157
7778 157
7779 13
7780 13
7781 13
7782 13
7783 40
7784 40
7785 40
7786 40
7787 29
7788 29
7789 29
7790 29
7791 130
7792 130
7793 130
7794 130
7795 38
7796 38
7797 38
7798 38
7799 174
7800 174
7801 174
7802 174
7803 57
7804 57
7805 57
7806 57
7807 150
7808 150
7809 150
7810 150
7811 145
7812 145
7813 145
7814 145
7815 17
7816 17
7817 17
7818 17
7819 34
7820 34
7821 34
7822 34
7823 26
7824 26
7825 26
7826 26
7827 105
7828 105
7829 105
7830 105
7831 24
7832 24
7833 24
7834 24
7835 109
7836 109
7837 109
7838 109
7839 74
7840 74
7841 74
7842 74
7843 6
7844 6
7845 6
7846 6
7847 21
7848 21
7849 21
7850 21
7851 27
7852 27
7853 27
7854 27
7855 103
7856 103
7857 103
7858 103
7859 163
7860 163
7861 163
7862 163
7863 94
7864 94
7865 94
7866 94
7867 53
7868 53
7869 53
7870 53
7871 15
7872 15
7873 15
7874 15
7875 157
7876 157
7877 157
7878 157
7879 13
7880 13
7881 13
7882 13
7883 40
7884 40
7885 40
7886 40
7887 29
7888 29
7889 29
7890 29
7891 130
7892 130
7893 130
7894 130
7895 38
7896 38
7897 38
7898 38
7899 174
7900 174
7901 174
7902 174
7903 57
7904 57
7905 57
7906 57
7907 150
7908 150
7909 150
7910 150
7911 145
7912 145
7913 145
7914 145
7915 17
7916 17
7917 17
7918 17
7919 34
7920 34
7921 34
7922 34
7923 26
7924 26
7925 26
7926 26
7927 105
7928 105
7929 105
7930 105
7931 24
7932 24
7933 24
7934 24
7935 109
7936 109
7937 109
7938 109
7939 74
7940 74
7941 74
7942 74
7943 6
7944 6
7945 6
7946 6
7947 21
7948 21
7949 21
7950 21
7951 27
7952 27
7953 27
7954 27
7955 103
7956 103
7957 103
7958 103
7959 163
7960 163
7961 163
7962 163
7963 94
7964 94
7965 94
7966 94
7967 53
7968 53
7969 53
7970 53
7971 15
7972 15
7973 15
7974 15
7975 157
7976 157
7977 157
7978 157
7979 13
7980 13
7981 13
7982 13
7983 40
7984 40
7985 40
7986 40
7987 29
7988 29
7989 29
7990 29
7991 130
7992 130
7993 130
7994 130
7995 38
7996 38
7997 38
7998 38
7999 174
8000 174
8001 174
8002 174
8003 57
8004 57
8005 57
8006 57
8007 150
8008 150
8009 150
8010 150
8011 145
8012 145
8013 145
8014 145
8015 17
8016 17
8017 17
8018 17
8019 34
8020 34
8021 34
8022 34
8023 26
8024 26
8025 26
8026 26
8027 105
8028 105
8029 105
8030 105
8031 24
8032 24
8033 24
8034 24
8035 109
8036 109
8037 109
8038 109
8039 74
8040 74
8041 74
8042 74
8043 6
8044 6
8045 6
8046 6
8047 21
8048 21
8049 21
8050 21
8051 27
8052 27
8053 27
8054 27
8055 103
8056 103
8057 103
8058 103
8059 163
8060 163
8061 163
8062 163
8063 94
8064 94
8065 94
8066 94
8067 53
8068 53
8069 53
8070 53
8071 15
8072 15
8073 15
8074 15
8075 157
8076 157
8077 157
8078 157
8079 13
8080 13
8081 13
8082 13
8083 40
8084 40
8085 40
8086 40
8087 29
8088 29
8089 29
8090 29
8091 130
8092 130
8093 130
8094 130
8095 38
8096 38
8097 38
8098 38
8099 174
8100 174
8101 174
8102 174
8103 57
8104 57
8105 57
8106 57
8107 150
8108 150
8109 150
8110 150
8111 145
8112 145
8113 145
8114 145
8115 17
8116 17
8117 17
8118 17
8119 34
8120 34
8121 34
8122 34
8123 26
8124 26
8125 26
8126 26
8127 105
8128 105
8129 105
8130 105
8131 24
8132 24
8133 24
8134 24
8135 109
8136 109
8137 109
8138 109
8139 74
8140 74
8141 74
8142 74
8143 6
8144 6
8145 6
8146 6
8147 21
8148 21
8149 21
8150 21
8151 27
8152 27
8153 27
8154 27
8155 103
8156 103
8157 103
8158 103
8159 163
8160 163
8161 163
8162 163
8163 94
8164 94
8165 94
8166 94
8167 53
8168 53
8169 53
8170 53
8171 15
8172 15
8173 15
8174 15
8175 157
8176 157
8177 157
8178 157
8179 13
8180 13
8181 13
8182 13
8183 40
8184 40
8185 40
8186 40
8187 29
8188 29
8189 29
8190 29
8191 130
8192 130
8193 130
8194 130
8195 38
8196 38
8197 38
8198 38
8199 174
8200 174
8201 174
8202 174
8203 57
8204 57
8205 57
8206 57
8207 150
8208 150
8209 150
8210 150
8211 145
8212 145
8213 145
8214 145
8215 17
8216 17
8217 17
8218 17
8219 34
8220 34
8221 34
8222 34
8223 26
8224 26
8225 26
8226 26
8227 105
8228 105
8229 105
8230 105
8231 24
8232 24
8233 24
8234 24
8235 109
8236 109
8237 109
8238 109
8239 74
8240 74
8241 74
8242 74
8243 6
8244 6
8245 6
8246 6
8247 21
8248 21
8249 21
8250 21
8251 27
8252 27
8253 27
8254 27
8255 103
8256 103
8257 103
8258 103
8259 163
8260 163
8261 163
8262 163
8263 94
8264 94
8265 94
8266 94
8267 53
8268 53
8269 53
8270 53
8271 15
8272 15
8273 15
8274 15
8275 157
8276 157
8277 157
8278 157
8279 13
8280 13
8281 13
8282 13
8283 40
8284 40
8285 40
8286 40
8287 29
8288 29
8289 29
8290 29
8291 130
8292 130
8293 130
8294 130
8295 38
8296 38
8297 38
8298 38
8299 174
8300 174
8301 174
8302 174
8303 57
8304 57
8305 57
8306 57
8307 150
8308 150
8309 150
8310 150
8311 145
8312 145
8313 145
8314 145
8315 17
8316 17
8317 17
8318 17
8319 34
8320 34
8321 34
8322 34
8323 26
8324 26
8325 26
8326 26
8327 105
8328 105
8329 105
8330 105
8331 24
8332 24
8333 24
8334 24
8335 109
8336 109
8337 109
8338 109
8339 74
8340 74
8341 74
8342 74
8343 6
8344 6
8345 6
8346 6
8347 21
8348 21
8349 21
8350 21
8351 27
8352 27
8353 27
8354 27
8355 103
8356 103
8357 103
8358 103
8359 163
8360 163
8361 163
8362 163
8363 94
8364 94
8365 94
8366 94
8367 53
8368 53
8369 53
8370 53
8371 15
8372 15
8373 15
8374 15
8375 157
8376 157
8377 157
8378 157
8379 13
8380 13
8381 13
8382 13
8383 40
8384 40
8385 40
8386 40
8387 29
8388 29
8389 29
8390 29
8391 130
8392 130
8393 130
8394 130
8395 38
8396 38
8397 38
8398 38
8399 174
8400 174
8401 174
8402 174
8403 57
8404 57
8405 57
8406 57
8407 150
8408 150
8409 150
8410 150
8411 145
8412 145
8413 145
8414 145
8415 17
8416 17
8417 17
8418 17
8419 34
8420 34
8421 34
8422 34
8423 26
8424 26
8425 26
8426 26
8427 105
8428 105
8429 105
8430 105
8431 24
8432 24
8433 24
8434 109
8435 109
8436 109
8437 109
8438 74
8439 74
8440 74
8441 74
8442 6
8443 6
8444 6
8445 6
8446 21
8447 21
8448 21
8449 21
8450 27
8451 27
8452 27
8453 27
8454 103
8455 103
8456 103
8457 103
8458 163
8459 163
8460 163
8461 163
8462 94
8463 94
8464 94
8465 94
8466 53
8467 53
8468 53
8469 53
8470 15
8471 15
8472 15
8473 15
8474 157
8475 157
8476 157
8477 157
8478 13
8479 13
8480 13
8481 13
8482 40
8483 40
8484 40
8485 40
8486 130
8487 130
8488 130
8489 130
8490 38
8491 38
8492 38
8493 38
8494 174
8495 174
8496 174
8497 174
8498 57
8499 57
8500 57
8501 57
8502 150
8503 150
8504 150
8505 150
8506 145
8507 145
8508 145
8509 145
8510 17
8511 17
8512 17
8513 17
8514 34
8515 34
8516 34
8517 34
8518 26
8519 26
8520 26
8521 26
8522 105
8523 105
8524 109
8525 109
8526 109
8527 109
8528 74
8529 74
8530 74
8531 74
8532 6
8533 6
8534 6
8535 6
8536 21
8537 21
8538 21
8539 21
8540 27
8541 27
8542 27
8543 27
8544 103
8545 103
8546 103
8547 103
8548 163
8549 163
8550 163
8551 163
8552 94
8553 94
8554 94
8555 94
8556 53
8557 53
8558 53
8559 53
8560 15
8561 15
8562 15
8563 15
8564 157
8565 157
8566 157
8567 157
8568 13
8569 13
8570 13
8571 13
8572 40
8573 40
8574 40
8575 40
8576 130
8577 130
8578 130
8579 130
8580 38
8581 38
8582 38
8583 38
8584 174
8585 174
8586 174
8587 174
8588 57
8589 57
8590 57
8591 57
8592 150
8593 150
8594 150
8595 150
8596 145
8597 145
8598 145
8599 145
8600 17
8601 17
8602 17
8603 17
8604 26
8605 26
8606 26
8607 26
8608 109
8609 109
8610 109
8611 109
8612 74
8613 74
8614 74
8615 74
8616 6
8617 6
8618 6
8619 6
8620 21
8621 21
8622 21
8623 21
8624 27
8625 27
8626 27
8627 27
8628 103
8629 103
8630 103
8631 103
8632 163
8633 163
8634 163
8635 163
8636 94
8637 94
8638 94
8639 94
8640 53
8641 53
8642 53
8643 53
8644 15
8645 15
8646 15
8647 15
8648 157
8649 157
8650 157
8651 157
8652 13
8653 13
8654 13
8655 13
8656 40
8657 40
8658 40
8659 40
8660 130
8661 130
8662 130
8663 130
8664 38
8665 38
8666 38
8667 38
8668 174
8669 174
8670 174
8671 57
8672 57
8673 57
8674 57
8675 150
8676 150
8677 150
8678 150
8679 145
8680 145
8681 145
8682 145
8683 17
8684 17
8685 17
8686 17
8687 26
8688 26
8689 26
8690 26
8691 109
8692 109
8693 109
8694 109
8695 74
8696 74
8697 74
8698 74
8699 6
8700 6
8701 6
8702 6
8703 21
8704 21
8705 21
8706 21
8707 27
8708 27
8709 27
8710 27
8711 103
8712 103
8713 103
8714 103
8715 163
8716 163
8717 163
8718 163
8719 94
8720 94
8721 94
8722 94
8723 53
8724 53
8725 53
8726 53
8727 15
8728 15
8729 15
8730 15
8731 157
8732 157
8733 157
8734 157
8735 13
8736 13
8737 13
8738 13
8739 40
8740 40
8741 40
8742 40
8743 130
8744 130
8745 130
8746 130
8747 38
8748 38
8749 38
8750 38
8751 57
8752 57
8753 57
8754 57
8755 150
8756 150
8757 150
8758 150
8759 145
8760 145
8761 145
8762 145
8763 17
8764 17
8765 17
8766 17
8767 26
8768 26
8769 26
8770 26
8771 109
8772 109
8773 109
8774 109
8775 74
8776 74
8777 74
8778 74
8779 6
8780 6
8781 6
8782 6
8783 21
8784 21
8785 21
8786 27
8787 27
8788 27
8789 27
8790 103
8791 103
8792 103
8793 103
8794 163
8795 163
8796 163
8797 163
8798 94
8799 94
8800 94
8801 94
8802 53
8803 53
8804 53
8805 53
8806 15
8807 15
8808 15
8809 15
8810 157
8811 157
8812 157
8813 157
8814 13
8815 13
8816 13
8817 13
8818 40
8819 40
8820 40
8821 40
8822 130
8823 130
8824 130
8825 130
8826 38
8827 38
8828 38
8829 38
8830 57
8831 57
8832 57
8833 57
8834 150
8835 150
8836 150
8837 150
8838 145
8839 145
8840 145
8841 145
8842 17
8843 17
8844 17
8845 17
8846 26
8847 26
8848 26
8849 26
8850 109
8851 109
8852 109
8853 109
8854 74
8855 74
8856 74
8857 74
8858 6
8859 6
8860 6
8861 6
8862 27
8863 27
8864 27
8865 27
8866 103
8867 103
8868 103
8869 103
8870 163
8871 163
8872 163
8873 163
8874 94
8875 94
8876 94
8877 94
8878 53
8879 53
8880 53
8881 53
8882 15
8883 15
8884 15
8885 15
8886 157
8887 157
8888 157
8889 157
8890 13
8891 13
8892 13
8893 13
8894 40
8895 40
8896 40
8897 40
8898 130
8899 130
8900 130
8901 130
8902 38
8903 38
8904 38
8905 38
8906 57
8907 57
8908 57
8909 57
8910 150
8911 150
8912 150
8913 150
8914 145
8915 145
8916 145
8917 145
8918 17
8919 17
8920 17
8921 17
8922 109
8923 109
8924 109
8925 109
8926 74
8927 74
8928 74
8929 74
8930 6
8931 6
8932 6
8933 6
8934 27
8935 27
8936 27
8937 27
8938 163
8939 163
8940 163
8941 163
8942 94
8943 94
8944 94
8945 94
8946 53
8947 15
8948 15
8949 15
8950 15
8951 157
8952 157
8953 157
8954 157
8955 13
8956 13
8957 13
8958 13
8959 40
8960 40
8961 40
8962 40
8963 130
8964 130
8965 130
8966 130
8967 38
8968 38
8969 38
8970 38
8971 57
8972 57
8973 57
8974 57
8975 150
8976 150
8977 150
8978 150
8979 145
8980 145
8981 145
8982 145
8983 17
8984 17
8985 17
8986 17
8987 109
8988 109
8989 109
8990 109
8991 74
8992 74
8993 74
8994 74
8995 6
8996 6
8997 6
8998 6
8999 163
9000 163
9001 163
9002 163
9003 94
9004 94
9005 94
9006 94
9007 15
9008 15
9009 15
9010 15
9011 157
9012 157
9013 157
9014 157
9015 13
9016 13
9017 13
9018 13
9019 40
9020 40
9021 40
9022 40
9023 130
9024 38
9025 38
9026 38
9027 38
9028 57
9029 57
9030 57
9031 57
9032 150
9033 150
9034 145
9035 17
9036 17
9037 17
9038 17
9039 109
9040 109
9041 109
9042 109
9043 74
9044 74
9045 74
9046 74
9047 6
9048 6
9049 6
9050 6
9051 163
9052 163
9053 163
9054 163
9055 94
9056 94
9057 94
9058 94
9059 15
9060 15
9061 15
9062 15
9063 157
9064 157
9065 157
9066 157
9067 13
9068 13
9069 13
9070 13
9071 40
9072 40
9073 40
9074 40
9075 38
9076 38
9077 38
9078 38
9079 57
9080 57
9081 57
9082 57
9083 17
9084 17
9085 17
9086 17
9087 109
9088 109
9089 109
9090 109
9091 74
9092 74
9093 74
9094 74
9095 6
9096 6
9097 6
9098 6
9099 163
9100 163
9101 163
9102 163
9103 94
9104 94
9105 94
9106 94
9107 15
9108 15
9109 15
9110 15
9111 157
9112 157
9113 157
9114 157
9115 13
9116 13
9117 13
9118 13
9119 40
9120 40
9121 40
9122 40
9123 38
9124 38
9125 38
9126 38
9127 57
9128 57
9129 57
9130 57
9131 17
9132 17
9133 17
9134 17
9135 109
9136 109
9137 109
9138 109
9139 74
9140 74
9141 74
9142 74
9143 6
9144 6
9145 6
9146 6
9147 163
9148 163
9149 163
9150 163
9151 94
9152 94
9153 94
9154 94
9155 15
9156 15
9157 15
9158 15
9159 157
9160 157
9161 157
9162 157
9163 13
9164 13
9165 13
9166 13
9167 40
9168 40
9169 40
9170 40
9171 38
9172 38
9173 38
9174 38
9175 57
9176 57
9177 57
9178 57
9179 17
9180 17
9181 17
9182 17
9183 109
9184 109
9185 109
9186 109
9187 74
9188 74
9189 74
9190 74
9191 6
9192 6
9193 6
9194 6
9195 163
9196 163
9197 163
9198 163
9199 94
9200 94
9201 94
9202 94
9203 15
9204 15
9205 15
9206 15
9207 157
9208 157
9209 157
9210 157
9211 13
9212 13
9213 13
9214 13
9215 40
9216 40
9217 40
9218 40
9219 38
9220 38
9221 38
9222 38
9223 57
9224 57
9225 57
9226 57
9227 17
9228 17
9229 17
9230 17
9231 109
9232 109
9233 109
9234 109
9235 74
9236 74
9237 74
9238 74
9239 6
9240 163
9241 163
9242 163
9243 163
9244 94
9245 94
9246 94
9247 94
9248 15
9249 15
9250 15
9251 15
9252 157
9253 157
9254 157
9255 157
9256 13
9257 13
9258 13
9259 13
9260 40
9261 40
9262 40
9263 40
9264 38
9265 38
9266 38
9267 38
9268 57
9269 57
9270 57
9271 57
9272 17
9273 17
9274 17
9275 17
9276 109
9277 109
9278 109
9279 109
9280 74
9281 74
9282 74
9283 74
9284 163
9285 163
9286 163
9287 163
9288 94
9289 94
9290 94
9291 94
9292 15
9293 15
9294 15
9295 15
9296 157
9297 157
9298 157
9299 157
9300 13
9301 13
9302 13
9303 13
9304 40
9305 40
9306 40
9307 40
9308 38
9309 38
9310 38
9311 38
9312 57
9313 57
9314 57
9315 57
9316 17
9317 17
9318 17
9319 17
9320 109
9321 109
9322 109
9323 109
9324 74
9325 74
9326 74
9327 74
9328 163
9329 163
9330 94
9331 94
9332 94
9333 94
9334 15
9335 15
9336 15
9337 15
9338 157
9339 157
9340 157
9341 157
9342 13
9343 13
9344 13
9345 13
9346 40
9347 40
9348 40
9349 40
9350 38
9351 38
9352 38
9353 38
9354 57
9355 57
9356 57
9357 57
9358 17
9359 17
9360 109
9361 109
9362 109
9363 109
9364 74
9365 74
9366 74
9367 74
9368 94
9369 94
9370 94
9371 94
9372 15
9373 15
9374 15
9375 157
9376 157
9377 157
9378 157
9379 13
9380 13
9381 13
9382 13
9383 40
9384 40
9385 40
9386 40
9387 38
9388 38
9389 38
9390 38
9391 57
9392 57
9393 109
9394 109
9395 109
9396 109
9397 74
9398 74
9399 74
9400 74
9401 94
9402 94
9403 94
9404 94
9405 157
9406 157
9407 157
9408 157
9409 13
9410 13
9411 13
9412 13
9413 40
9414 40
9415 40
9416 40
9417 38
9418 38
9419 38
9420 38
9421 109
9422 109
9423 109
9424 109
9425 74
9426 74
9427 74
9428 74
9429 94
9430 94
9431 94
9432 94
9433 157
9434 157
9435 157
9436 157
9437 13
9438 13
9439 13
9440 13
9441 40
9442 40
9443 40
9444 40
9445 109
9446 109
9447 109
9448 109
9449 74
9450 74
9451 74
9452 74
9453 94
9454 94
9455 94
9456 94
9457 157
9458 157
9459 157
9460 157
9461 13
9462 13
9463 13
9464 13
9465 40
9466 40
9467 40
9468 40
9469 74
9470 74
9471 94
9472 94
9473 94
9474 94
9475 157
9476 157
9477 157
9478 157
9479 13
9480 13
9481 13
9482 13
9483 40
9484 40
9485 40
9486 40
9487 94
9488 94
9489 94
9490 94
9491 157
9492 157
9493 157
9494 157
9495 13
9496 13
9497 13
9498 13
9499 40
9500 40
9501 40
9502 40
9503 94
9504 94
9505 94
9506 94
9507 157
9508 157
9509 157
9510 157
9511 13
9512 13
9513 13
9514 13
9515 40
9516 40
9517 40
9518 40
9519 94
9520 94
9521 94
9522 94
9523 157
9524 157
9525 13
9526 13
9527 13
9528 40
9529 40
9530 94